0.002	0
0.004	0
0.006	2.005803714e-18
0.008	5.30374362e-10
0.01	1.108411818e-05
0.012	0.004752243034
0.014	0.2713116992
0.016	3.969006503
0.018	20.71800289
0.02	49.9848191
0.022	72.10835993
0.024	80.10781926
0.026	81.5672723
0.028	81.70797802
0.03	81.71885843
0.032	81.7215194
0.034	81.72200584
0.036	81.72029346
0.038	81.7157412
0.04	81.70726799
0.042	81.69356519
0.044	81.67322616
0.046	81.64482921
0.048	81.6070033
0.05	81.55848491
0.052	81.49816736
0.054	81.42514135
0.056	81.33872655
0.058	81.23849354
0.06	81.12427621
0.062	80.99617306
0.064	80.85454041
0.066	80.69997691
0.068	80.53329984
0.07	80.35551808
0.072	80.16780034
0.074	79.97144092
0.076	79.76782412
0.078	79.55839291
0.08	79.34461172
0.082	79.12794197
0.084	78.90981074
0.086	78.69158999
0.088	78.47457523
0.09	78.25997044
0.092	78.04887678
0.094	77.8422847
0.096	77.64106314
0.098	77.44596684
0.1	77.25762927
0.102	77.07656743
0.104	76.90318806
0.106	76.7377914
0.108	76.58058091
0.11	76.43166675
0.112	76.29108041
0.114	76.15877959
0.116	76.03465734
0.118	75.91855138
0.12	75.81025264
0.122	75.70951413
0.124	75.61605457
0.126	75.52957189
0.128	75.44974302
0.13	75.37623277
0.132	75.30869958
0.134	75.24679784
0.136	75.19018469
0.138	75.13851638
0.14	75.09146087
0.142	75.04869299
0.144	75.00989804
0.146	74.97477294
0.148	74.94302836
0.15	74.91438805
0.152	74.88858805
0.154	74.86538092
0.156	74.84453163
0.158	74.82581737
0.16	74.80902982
0.162	74.79397232
0.164	74.78046028
0.166	74.76831829
0.168	74.75738356
0.17	74.74750061
0.172	74.73852236
0.174	74.73031106
0.176	74.72273331
0.178	74.71566391
0.18	74.70898184
0.182	74.70257031
0.184	74.69631759
0.186	74.69011486
0.188	74.68385609
0.19	74.67743826
0.192	74.67076021
0.194	74.66372523
0.196	74.65623297
0.198	74.64819116
0.2	74.63950654
0.202	74.63008784
0.204	74.61984653
0.206	74.6086934
0.208	74.596548
0.21	74.58332734
0.212	74.56895396
0.214	74.55335388
0.216	74.53645741
0.218	74.51819941
0.22	74.49851866
0.222	74.47736187
0.224	74.45467643
0.226	74.43042453
0.228	74.40456581
0.23	74.37707531
0.232	74.34792677
0.234	74.31710645
0.236	74.28461038
0.238	74.25043809
0.24	74.21459847
0.242	74.17710974
0.244	74.13799539
0.246	74.09728911
0.248	74.05503014
0.25	74.01126616
0.252	73.96605091
0.254	73.91944535
0.256	73.87151596
0.258	73.8223353
0.26	73.77198018
0.262	73.72053187
0.264	73.66807733
0.266	73.61470382
0.268	73.56050313
0.27	73.50556746
0.272	73.44999143
0.274	73.3938694
0.276	73.33729548
0.278	73.28036286
0.28	73.22316343
0.282	73.16578673
0.284	73.10832061
0.286	73.05084559
0.288	72.99344645
0.29	72.93619535
0.292	72.87916423
0.294	72.82241904
0.296	72.76602127
0.298	72.71002486
0.3	72.6544804
0.302	72.59943117
0.304	72.54491323
0.306	72.49096443
0.308	72.43759948
0.31	72.38484679
0.312	72.33271672
0.314	72.281218
0.316	72.23035636
0.318	72.18011583
0.32	72.13041665
0.322	72.08073914
0.324	72.02904945
0.326	71.97003937
0.328	71.89403564
0.33	71.78834979
0.332	71.64098924
0.334	71.44462845
0.336	71.19868021
0.338	70.9089425
0.34	70.58574017
0.342	70.24177145
0.344	69.89037187
0.346	69.54430366
0.348	69.21488086
0.35	68.91124673
0.352	68.63977717
0.354	68.40373973
0.356	68.20334877
0.358	68.036253
0.36	67.89832565
0.362	67.78454321
0.364	67.68975546
0.366	67.60923325
0.368	67.53897163
0.37	67.47578823
0.372	67.41728229
0.374	67.36171949
0.376	67.30789138
0.378	67.25498087
0.38	67.20244944
0.382	67.14994958
0.384	67.09726083
0.386	67.04424511
0.388	66.99081647
0.39	66.93692126
0.392	66.88252516
0.394	66.82760489
0.396	66.77214295
0.398	66.71612414
0.4	66.65953345
0.402	66.60235467
0.404	66.5445694
0.406	66.4861566
0.408	66.42709214
0.41	66.36734869
0.412	66.30689562
0.414	66.24569905
0.416	66.18372169
0.418	66.12092351
0.42	66.05726156
0.422	65.99268999
0.424	65.92716045
0.426	65.86062241
0.428	65.79302344
0.43	65.72430926
0.432	65.65442404
0.434	65.58331061
0.436	65.5109107
0.438	65.43716511
0.44	65.36201385
0.442	65.28539633
0.444	65.20725148
0.446	65.12751787
0.448	65.04613378
0.45	64.96303731
0.452	64.8781664
0.454	64.79145897
0.456	64.70285265
0.458	64.61228545
0.46	64.51969492
0.462	64.4250185
0.464	64.32819352
0.466	64.22915732
0.468	64.12784703
0.47	64.02419958
0.472	63.91815161
0.474	63.80963952
0.476	63.69859939
0.478	63.58496696
0.48	63.46867758
0.482	63.34966619
0.484	63.22786736
0.486	63.10321514
0.488	62.97564324
0.49	62.845085
0.492	62.71147338
0.494	62.57474107
0.496	62.43482041
0.498	62.29164339
0.5	62.14514166
0.502	61.99524672
0.504	61.84189012
0.506	61.68500337
0.508	61.52451815
0.51	61.36036631
0.512	61.19248003
0.514	61.0207919
0.516	60.84523507
0.518	60.66574339
0.52	60.48225155
0.522	60.29469525
0.524	60.10301129
0.526	59.90713778
0.528	59.70701428
0.53	59.502582
0.532	59.29378392
0.534	59.08056502
0.536	58.86287242
0.538	58.64065557
0.54	58.41386645
0.542	58.18245967
0.544	57.94639273
0.546	57.70562617
0.548	57.46012372
0.55	57.20985247
0.552	56.95478306
0.554	56.69488983
0.556	56.43015098
0.558	56.16054861
0.56	55.88606894
0.562	55.60670248
0.564	55.32244409
0.566	55.03329314
0.568	54.73925355
0.57	54.44033388
0.572	54.13654747
0.574	53.82791242
0.576	53.5144517
0.578	53.19619316
0.58	52.87316954
0.582	52.54541852
0.584	52.21298267
0.586	51.87590948
0.588	51.53425133
0.59	51.1880654
0.592	50.83741372
0.594	50.48236298
0.596	50.12298457
0.598	49.75935446
0.6	49.39155305
0.602	49.01966518
0.604	48.64377993
0.606	48.26399054
0.608	47.8803943
0.61	47.4930924
0.612	47.1021898
0.614	46.7077951
0.616	46.31002043
0.618	45.90898128
0.62	45.50479635
0.622	45.09758747
0.624	44.68747933
0.626	44.27459948
0.628	43.8590781
0.63	43.44104785
0.632	43.02064378
0.634	42.59800322
0.636	42.17326554
0.638	41.74657208
0.64	41.31806601
0.642	40.88789219
0.644	40.45619708
0.646	40.02312854
0.648	39.58883574
0.65	39.15346904
0.652	38.71717982
0.654	38.28012036
0.656	37.84244375
0.658	37.40430374
0.66	36.9658546
0.662	36.52725099
0.664	36.08864781
0.666	35.65020012
0.668	35.21206291
0.67	34.77439096
0.672	34.33733886
0.674	33.90106063
0.676	33.4657097
0.678	33.03143877
0.68	32.59839962
0.682	32.16674291
0.684	31.73661798
0.686	31.30817283
0.688	30.88155386
0.69	30.45690575
0.692	30.03437121
0.694	29.61409088
0.696	29.19620315
0.698	28.78084395
0.7	28.36814667
0.702	27.95824191
0.704	27.55125739
0.706	27.14731776
0.708	26.74654444
0.71	26.34905553
0.712	25.95496556
0.714	25.56438546
0.716	25.17742237
0.718	24.79417965
0.72	24.41475675
0.722	24.03924904
0.724	23.66774774
0.726	23.30033975
0.728	22.93710779
0.73	22.57813017
0.732	22.22348084
0.734	21.8732293
0.736	21.52744063
0.738	21.18617548
0.74	20.84949005
0.742	20.51743609
0.744	20.19006097
0.746	19.86740767
0.748	19.54951482
0.75	19.23641678
0.752	18.92814371
0.754	18.62472158
0.756	18.32617232
0.758	18.03251389
0.76	17.74376033
0.762	17.45992192
0.764	17.18100525
0.766	16.90701334
0.768	16.63794577
0.77	16.37379878
0.772	16.11456543
0.774	15.86023568
0.776	15.61079656
0.778	15.3662323
0.78	15.12652443
0.782	14.89165199
0.784	14.6615916
0.786	14.4363175
0.788	14.21580179
0.79	14.00001466
0.792	13.78892452
0.794	13.58249805
0.796	13.38070026
0.798	13.18349468
0.8	12.99084347
0.802	12.80270755
0.804	12.61904676
0.806	12.43981995
0.808	12.26498507
0.81	12.09449933
0.812	11.92831927
0.814	11.76640085
0.816	11.6086996
0.818	11.45517066
0.82	11.30576891
0.822	11.16044905
0.824	11.01916567
0.826	10.88187333
0.828	10.74852667
0.83	10.61908043
0.832	10.49348958
0.834	10.37170932
0.836	10.25369523
0.838	10.13940323
0.84	10.0287897
0.842	9.921811517
0.844	9.818426101
0.846	9.718591463
0.848	9.62226625
0.85	9.529409785
0.852	9.439982106
0.854	9.353944001
0.856	9.271257039
0.858	9.191883602
0.86	9.115786916
0.862	9.042931076
0.864	8.973281068
0.866	8.906802794
0.868	8.843463085
0.87	8.783229728
0.872	8.726071475
0.874	8.671958064
0.876	8.62086023
0.878	8.572749715
0.88	8.527599282
0.882	8.48538272
0.884	8.446074858
0.886	8.409651567
0.888	8.376089766
0.89	8.34536743
0.892	8.317463591
0.894	8.292358341
0.896	8.270032822
0.898	8.250469202
0.9	8.233650706
0.902	8.219561716
0.904	8.208187715
0.906	8.199515223
0.908	8.193531788
0.91	8.190226003
0.912	8.189587515
0.914	8.191607028
0.916	8.196276299
0.918	8.203588132
0.92	8.213536374
0.922	8.226115907
0.924	8.241322648
0.926	8.259153537
0.928	8.279606539
0.93	8.302680631
0.932	8.328375801
0.934	8.35669304
0.936	8.387634334
0.938	8.421202659
0.94	8.457401973
0.942	8.496237208
0.944	8.537714266
0.946	8.581840008
0.948	8.628622245
0.95	8.678069733
0.952	8.730192162
0.954	8.785000149
0.956	8.842505227
0.958	8.902719836
0.96	8.965657317
0.962	9.031331896
0.964	9.099758679
0.966	9.170953637
0.968	9.244933598
0.97	9.321716238
0.972	9.401320061
0.974	9.483764397
0.976	9.569069383
0.978	9.65725595
0.98	9.748345814
0.982	9.842361457
0.984	9.939326117
0.986	10.03926377
0.988	10.14219911
0.99	10.24815755
0.992	10.35716518
0.994	10.46924878
0.996	10.58443575
0.998	10.70275416
1	10.82423268
1.002	10.94890057
1.004	11.07678767
1.006	11.20792436
1.008	11.34234156
1.01	11.48007067
1.012	11.62114358
1.014	11.76559262
1.016	11.91345053
1.018	12.06475045
1.02	12.21952587
1.022	12.3778106
1.024	12.53963874
1.026	12.70504464
1.028	12.87406284
1.03	13.04672808
1.032	13.2230752
1.034	13.40313915
1.036	13.58695487
1.038	13.77455732
1.04	13.96598135
1.042	14.16126172
1.044	14.36043296
1.046	14.56352937
1.048	14.77058493
1.05	14.9816332
1.052	15.1967073
1.054	15.4158398
1.056	15.63906259
1.058	15.86640682
1.06	16.09790288
1.062	16.33358032
1.064	16.57346764
1.066	16.81759217
1.068	17.06598
1.07	17.31865581
1.072	17.5756428
1.074	17.83696252
1.076	18.10263474
1.078	18.37267729
1.08	18.64710588
1.082	18.92593398
1.084	19.20917256
1.086	19.49682997
1.088	19.78891172
1.09	20.08542029
1.092	20.3863549
1.094	20.69171128
1.096	21.00148143
1.098	21.31565338
1.1	21.63421095
1.102	21.95713346
1.104	22.2843955
1.106	22.6159666
1.108	22.95181098
1.11	23.29188724
1.112	23.63614802
1.114	23.98453974
1.116	24.33700229
1.118	24.69346864
1.12	25.05386461
1.122	25.41810847
1.124	25.78611069
1.126	26.15777357
1.128	26.53299096
1.13	26.91164796
1.132	27.29362063
1.134	27.6787757
1.136	28.06697034
1.138	28.45805193
1.14	28.85185785
1.142	29.24821529
1.144	29.64694116
1.146	30.04784193
1.148	30.45071364
1.15	30.85534186
1.152	31.26150174
1.154	31.66895814
1.156	32.07746578
1.158	32.48676946
1.16	32.8966044
1.162	33.30669666
1.164	33.71676355
1.166	34.12651411
1.168	34.53564976
1.17	34.94386494
1.172	35.35084793
1.174	35.75628163
1.176	36.15984447
1.178	36.56121137
1.18	36.96005473
1.182	37.35604549
1.184	37.74885425
1.186	38.13815237
1.188	38.52361316
1.19	38.90491298
1.192	39.28173244
1.194	39.65375752
1.196	40.02068073
1.198	40.38220214
1.2	40.73803044
1.202	41.08788389
1.204	41.43149133
1.206	41.76859292
1.208	42.09894097
1.21	42.4223006
1.212	42.73845041
1.214	43.04718294
1.216	43.34830515
1.218	43.64163875
1.22	43.92702051
1.222	44.20430245
1.224	44.47335194
1.226	44.73405184
1.228	44.98630039
1.23	45.23001127
1.232	45.46511337
1.234	45.69155072
1.236	45.90928222
1.238	46.11828142
1.24	46.31853619
1.242	46.51004844
1.244	46.69283368
1.246	46.86692069
1.248	47.03235102
1.25	47.18917855
1.252	47.33746899
1.254	47.47729932
1.256	47.60875724
1.258	47.73194058
1.26	47.84695669
1.262	47.95392179
1.264	48.05296029
1.266	48.14420414
1.268	48.22779214
1.27	48.30386921
1.272	48.37258571
1.274	48.43409673
1.276	48.48856138
1.278	48.53614211
1.28	48.57700401
1.282	48.61131417
1.284	48.639241
1.286	48.66095367
1.288	48.67662148
1.29	48.68641332
1.292	48.69049713
1.294	48.68903943
1.296	48.68220485
1.298	48.67015573
1.3	48.65305174
1.302	48.63104951
1.304	48.60430236
1.306	48.57296004
1.308	48.53716846
1.31	48.4970695
1.312	48.45280089
1.314	48.40449601
1.316	48.35228382
1.318	48.29628874
1.32	48.23663065
1.322	48.17342481
1.324	48.10678184
1.326	48.03680775
1.328	47.96360395
1.33	47.88726726
1.332	47.80788999
1.334	47.72555996
1.336	47.64036058
1.338	47.55237093
1.34	47.46166584
1.342	47.36831593
1.344	47.27238776
1.346	47.17394387
1.348	47.0730429
1.35	46.96973968
1.352	46.8640853
1.354	46.75612724
1.356	46.64590941
1.358	46.53347231
1.36	46.41885305
1.362	46.3020855
1.364	46.18320033
1.366	46.06222511
1.368	45.93918437
1.37	45.81409974
1.372	45.68698993
1.374	45.5578709
1.376	45.42675584
1.378	45.29365531
1.38	45.15857726
1.382	45.02152708
1.384	44.88250772
1.386	44.74151968
1.388	44.59856108
1.39	44.45362772
1.392	44.30671313
1.394	44.1578086
1.396	44.00690324
1.398	43.85398399
1.4	43.69903569
1.402	43.54204111
1.404	43.38298098
1.406	43.22183401
1.408	43.05857696
1.41	42.89318461
1.412	42.72562988
1.414	42.55588376
1.416	42.38391542
1.418	42.2096922
1.42	42.03317962
1.422	41.85434148
1.424	41.6731398
1.426	41.48953491
1.428	41.30348548
1.43	41.11494853
1.432	40.92387945
1.434	40.73023209
1.436	40.53395875
1.438	40.33501024
1.44	40.13333593
1.442	39.92888377
1.444	39.72160039
1.446	39.51143111
1.448	39.29832002
1.45	39.08221006
1.452	38.86304305
1.454	38.64075983
1.456	38.4153003
1.458	38.18660352
1.46	37.95460784
1.462	37.71925099
1.464	37.4804702
1.466	37.23820235
1.468	36.9923841
1.47	36.74295206
1.472	36.48984292
1.474	36.23299373
1.476	35.97234198
1.478	35.7078259
1.48	35.43938465
1.482	35.16695861
1.484	34.89048959
1.486	34.60992117
1.488	34.325199
1.49	34.03627109
1.492	33.7430882
1.494	33.4456042
1.496	33.14377645
1.498	32.83756623
1.5	32.52693915
1.502	32.21186565
1.504	31.89232145
1.506	31.56828807
1.508	31.23975334
1.51	30.90671195
1.512	30.569166
1.514	30.22712558
1.516	29.88060936
1.518	29.52964518
1.52	29.17427067
1.522	28.81453384
1.524	28.45049367
1.526	28.08222074
1.528	27.70979782
1.53	27.3333204
1.532	26.95289725
1.534	26.56865095
1.536	26.18071832
1.538	25.78925088
1.54	25.3944152
1.542	24.99639317
1.544	24.5953823
1.546	24.19159578
1.548	23.78526256
1.55	23.37662733
1.552	22.96595031
1.554	22.553507
1.556	22.13958778
1.558	21.72449735
1.56	21.30855411
1.562	20.89208935
1.564	20.47544626
1.566	20.05897895
1.568	19.64305115
1.57	19.22803493
1.572	18.81430922
1.574	18.40225823
1.576	17.99226981
1.578	17.58473361
1.58	17.18003935
1.582	16.77857483
1.584	16.38072408
1.586	15.98686535
1.588	15.59736926
1.59	15.21259681
1.592	14.83289758
1.594	14.45860794
1.596	14.09004936
1.598	13.72752683
1.6	13.37132742
1.602	13.02171905
1.604	12.67894927
1.606	12.3432444
1.608	12.01480873
1.61	11.69382396
1.612	11.38044883
1.614	11.07481892
1.616	10.77704672
1.618	10.48722174
1.62	10.20541096
1.622	9.931659361
1.624	9.665990621
1.626	9.408407922
1.628	9.158894918
1.63	8.917416807
1.632	8.683921505
1.634	8.458340871
1.636	8.240591987
1.638	8.030578483
1.64	7.828191875
1.642	7.633312917
1.644	7.445812933
1.646	7.265555137
1.648	7.092395917
1.65	6.92618607
1.652	6.766771995
1.654	6.613996817
1.656	6.467701448
1.658	6.327725585
1.66	6.193908622
1.662	6.066090502
1.664	5.944112486
1.666	5.827817846
1.668	5.717052495
1.67	5.611665533
1.672	5.511509734
1.674	5.416441961
1.676	5.326323524
1.678	5.241020479
1.68	5.160403869
1.682	5.084349918
1.684	5.012740183
1.686	4.945461656
1.688	4.882406834
1.69	4.823473753
1.692	4.768565994
1.694	4.717592657
1.696	4.670468323
1.698	4.627112981
1.7	4.587451948
1.702	4.551415774
1.704	4.51894013
1.706	4.489965691
1.708	4.464438008
1.71	4.442307372
1.712	4.423528683
1.714	4.408061301
1.716	4.395868912
1.718	4.386919377
1.72	4.381184598
1.722	4.378640367
1.724	4.379266233
1.726	4.383045362
1.728	4.389964401
1.73	4.40001335
1.732	4.41318543
1.734	4.429476963
1.736	4.448887251
1.738	4.471418459
1.74	4.497075508
1.742	4.525865962
1.744	4.557799931
1.746	4.592889971
1.748	4.631150989
1.75	4.672600157
1.752	4.717256823
1.754	4.765142433
1.756	4.816280451
1.758	4.870696289
1.76	4.928417234
1.762	4.989472383
1.764	5.053892583
1.766	5.12171037
1.768	5.192959908
1.77	5.267676941
1.772	5.345898741
1.774	5.427664054
1.776	5.513013065
1.778	5.601987341
1.78	5.694629799
1.782	5.79098466
1.784	5.891097411
1.786	5.995014766
1.788	6.102784633
1.79	6.21445607
1.792	6.330079262
1.794	6.449705477
1.796	6.573387032
1.798	6.701177255
1.8	6.833130455
1.802	6.969301879
1.804	7.109747681
1.806	7.254524881
1.808	7.403691321
1.81	7.557305629
1.812	7.715427169
1.814	7.878115995
1.816	8.045432803
1.818	8.217438875
1.82	8.394196021
1.822	8.575766521
1.824	8.762213056
1.826	8.953598636
1.828	9.149986526
1.83	9.351440163
1.832	9.558023064
1.834	9.769798734
1.836	9.986830558
1.838	10.20918169
1.84	10.43691494
1.842	10.67009263
1.844	10.90877646
1.846	11.15302736
1.848	11.40290534
1.85	11.65846927
1.852	11.91977676
1.854	12.18688392
1.856	12.45984512
1.858	12.73871284
1.86	13.02353734
1.862	13.31436646
1.864	13.61124533
1.866	13.91421605
1.868	14.22331737
1.87	14.53858439
1.872	14.8600483
1.874	15.18773589
1.876	15.52166917
1.878	15.86186497
1.88	16.2083345
1.882	16.56108294
1.884	16.92010899
1.886	17.28540434
1.888	17.65695321
1.89	18.03473179
1.892	18.41870772
1.894	18.80883954
1.896	19.20507611
1.898	19.60735608
1.9	20.01560725
1.902	20.42974602
1.904	20.84967677
1.906	21.27529131
1.908	21.70646824
1.91	22.14307245
1.912	22.58495448
1.914	23.03195004
1.916	23.48387948
1.918	23.94054728
1.92	24.40174165
1.922	24.86723412
1.924	25.33677919
1.926	25.81011404
1.928	26.28695833
1.93	26.76701405
1.932	27.24996548
1.934	27.7354792
1.936	28.22320421
1.938	28.71277223
1.94	29.20379797
1.942	29.69587963
1.944	30.18859951
1.946	30.68152467
1.948	31.17420779
1.95	31.66618818
1.952	32.15699287
1.954	32.64613785
1.956	33.13312942
1.958	33.61746568
1.96	34.09863819
1.962	34.57613368
1.964	35.04943596
1.966	35.5180278
1.968	35.98139301
1.97	36.43901854
1.972	36.89039667
1.974	37.33502722
1.976	37.77241978
1.978	38.20209601
1.98	38.62359188
1.982	39.03645984
1.984	39.44027106
1.986	39.83461744
1.988	40.21911366
1.99	40.593399
1.992	40.95713908
1.994	41.31002743
1.996	41.65178685
1.998	41.98217057
2	42.30096323
2.002	42.60798157
2.004	42.90307497
2.006	43.18612559
2.008	43.45704846
2.01	43.71579114
2.012	43.96233323
2.014	44.19668565
2.016	44.41888965
2.018	44.62901562
2.02	44.82716176
2.022	45.01345251
2.024	45.1880369
2.026	45.35108675
2.028	45.50279472
2.03	45.64337244
2.032	45.77304842
2.034	45.89206608
2.036	46.00068168
2.038	46.09916239
2.04	46.18778429
2.042	46.26683051
2.044	46.33658947
2.046	46.39735311
2.048	46.44941533
2.05	46.4930705
2.052	46.52861209
2.054	46.55633138
2.056	46.57651642
2.058	46.58945092
2.06	46.59541342
2.062	46.59467653
2.064	46.5875062
2.066	46.57416123
2.068	46.55489277
2.07	46.52994393
2.072	46.49954956
2.074	46.46393597
2.076	46.42332082
2.078	46.37791305
2.08	46.3279128
2.082	46.27351152
2.084	46.21489197
2.086	46.15222834
2.088	46.08568638
2.09	46.01542357
2.092	45.94158928
2.094	45.86432501
2.096	45.78376453
2.098	45.70003416
2.1	45.61325297
2.102	45.52353303
2.104	45.43097962
2.106	45.33569147
2.108	45.23776102
2.11	45.13727461
2.112	45.03431273
2.114	44.92895026
2.116	44.82125663
2.118	44.71129608
2.12	44.59912785
2.122	44.48480638
2.124	44.36838149
2.126	44.24989855
2.128	44.12939868
2.13	44.00691892
2.132	43.88249237
2.134	43.75614834
2.136	43.62791251
2.138	43.49780706
2.14	43.36585083
2.142	43.23205939
2.144	43.0964452
2.146	42.95901772
2.148	42.81978349
2.15	42.67874627
2.152	42.53590711
2.154	42.39126444
2.156	42.24481418
2.158	42.09654978
2.16	41.94646236
2.162	41.79454072
2.164	41.64077144
2.166	41.48513894
2.168	41.32762558
2.17	41.16821165
2.172	41.00687545
2.174	40.84359339
2.176	40.67834
2.178	40.51108802
2.18	40.34180837
2.182	40.17047029
2.184	39.99704134
2.186	39.82148745
2.188	39.64377297
2.19	39.46386073
2.192	39.28171206
2.194	39.09728685
2.196	38.91054359
2.198	38.72143944
2.2	38.52993024
2.202	38.3359706
2.204	38.13951393
2.206	37.94051251
2.208	37.73891753
2.21	37.53467918
2.212	37.3277467
2.214	37.11806843
2.216	36.90559194
2.218	36.69026407
2.22	36.47203101
2.222	36.25083842
2.224	36.02663153
2.226	35.79935523
2.228	35.56895418
2.23	35.33537298
2.232	35.09855626
2.234	34.85844882
2.236	34.61499583
2.238	34.36814297
2.24	34.11783658
2.242	33.86402393
2.244	33.60665335
2.246	33.34567446
2.248	33.08103846
2.25	32.81269832
2.252	32.54060905
2.254	32.26472803
2.256	31.98501526
2.258	31.70143367
2.26	31.41394951
2.262	31.12253263
2.264	30.82715689
2.266	30.52780052
2.268	30.22444656
2.27	29.91708321
2.272	29.60570432
2.274	29.29030982
2.276	28.97090616
2.278	28.64750681
2.28	28.3201327
2.282	27.98881276
2.284	27.65358435
2.286	27.31449379
2.288	26.97159686
2.29	26.62495923
2.292	26.274657
2.294	25.9207771
2.296	25.56341779
2.298	25.20268899
2.3	24.83871274
2.302	24.47162352
2.304	24.10156852
2.306	23.72870792
2.308	23.35321509
2.31	22.97527668
2.312	22.5950927
2.314	22.21287652
2.316	21.82885471
2.318	21.44326689
2.32	21.05636541
2.322	20.66841499
2.324	20.27969216
2.326	19.89048474
2.328	19.50109105
2.33	19.11181913
2.332	18.72298579
2.334	18.33491557
2.336	17.94793962
2.338	17.56239444
2.34	17.17862054
2.342	16.7969611
2.344	16.41776041
2.346	16.0413624
2.348	15.66810903
2.35	15.29833872
2.352	14.93238471
2.354	14.57057347
2.356	14.21322309
2.358	13.86064175
2.36	13.51312624
2.362	13.17096052
2.364	12.83441442
2.366	12.50374237
2.368	12.17918236
2.37	11.86095494
2.372	11.54926242
2.374	11.2442881
2.376	10.94619583
2.378	10.65512962
2.38	10.37121341
2.382	10.09455108
2.384	9.825226483
2.386	9.563303776
2.388	9.308827762
2.39	9.06182445
2.392	8.822301706
2.394	8.590250015
2.396	8.365643355
2.398	8.148440133
2.4	7.938584217
2.402	7.736005999
2.404	7.540623516
2.406	7.352343595
2.408	7.171063005
2.41	6.996669623
2.412	6.829043579
2.414	6.66805839
2.416	6.513582055
2.418	6.365478123
2.42	6.223606703
2.422	6.087825433
2.424	5.957990391
2.426	5.833956941
2.428	5.715580528
2.43	5.602717395
2.432	5.495225255
2.434	5.392963879
2.436	5.295795639
2.438	5.203585981
2.44	5.116203839
2.442	5.033521999
2.444	4.955417401
2.446	4.881771402
2.448	4.81246998
2.45	4.747403907
2.452	4.686468871
2.454	4.629565571
2.456	4.576599772
2.458	4.527482335
2.46	4.48212922
2.462	4.440461464
2.464	4.402405137
2.466	4.367891285
2.468	4.336855856
2.47	4.30923961
2.472	4.28498802
2.474	4.264051164
2.476	4.246383616
2.478	4.231944318
2.48	4.220696462
2.482	4.212607357
2.484	4.207648303
2.486	4.20579446
2.488	4.207024719
2.49	4.211321574
2.492	4.218670992
2.494	4.22906229
2.496	4.242488011
2.498	4.258943805
2.5	4.278428309
2.502	4.300943038
2.504	4.326492274
2.506	4.355082956
2.508	4.386724582
2.51	4.421429112
2.512	4.459210869
2.514	4.500086452
2.516	4.544074648
2.518	4.591196351
2.52	4.641474481
2.522	4.694933913
2.524	4.751601399
2.526	4.811505507
2.528	4.874676553
2.53	4.941146537
2.532	5.010949091
2.534	5.084119417
2.536	5.160694239
2.538	5.240711752
2.54	5.324211571
2.542	5.411234688
2.544	5.50182343
2.546	5.596021412
2.548	5.693873503
2.55	5.795425782
2.552	5.900725505
2.554	6.009821067
2.556	6.122761965
2.558	6.239598761
2.56	6.360383054
2.562	6.485167436
2.564	6.614005466
2.566	6.746951631
2.568	6.884061309
2.57	7.025390729
2.572	7.170996937
2.574	7.320937753
2.576	7.475271732
2.578	7.634058116
2.58	7.797356794
2.582	7.965228242
2.584	8.137733481
2.586	8.314934011
2.588	8.496891756
2.59	8.683668996
2.592	8.875328299
2.594	9.071932441
2.596	9.27354433
2.598	9.480226913
2.6	9.692043087
2.602	9.909055588
2.604	10.13132689
2.606	10.35891908
2.608	10.59189374
2.61	10.83031178
2.612	11.07423334
2.614	11.32371758
2.616	11.57882255
2.618	11.83960498
2.62	12.10612009
2.622	12.37842139
2.624	12.65656045
2.626	12.94058667
2.628	13.23054699
2.63	13.52648567
2.632	13.82844399
2.634	14.13645989
2.636	14.4505677
2.638	14.77079788
2.64	15.09717656
2.642	15.42972514
2.644	15.76845992
2.646	16.11339169
2.648	16.46452531
2.65	16.82185925
2.652	17.18538515
2.654	17.55508727
2.656	17.93094202
2.658	18.31291746
2.66	18.70097272
2.662	19.09505745
2.664	19.49511133
2.666	19.90106343
2.668	20.31283165
2.67	20.73032218
2.672	21.15342891
2.674	21.58203284
2.676	22.01600153
2.678	22.45518855
2.68	22.89943298
2.682	23.34855885
2.684	23.80237471
2.686	24.26067316
2.688	24.72323046
2.69	25.18980621
2.692	25.66014299
2.694	26.1339662
2.696	26.61098386
2.698	27.09088655
2.7	27.5733474
2.702	28.05802219
2.704	28.54454955
2.706	29.03255129
2.708	29.52163277
2.71	30.01138345
2.712	30.50137758
2.714	30.99117494
2.716	31.48032176
2.718	31.96835179
2.72	32.45478754
2.722	32.93914147
2.724	33.42091745
2.726	33.89961239
2.728	34.37471788
2.73	34.84572205
2.732	35.31211142
2.734	35.77337298
2.736	36.22899622
2.738	36.6784753
2.74	37.12131132
2.742	37.5570145
2.744	37.98510651
2.746	38.40512271
2.748	38.81661441
2.75	39.21915105
2.752	39.61232236
2.754	39.99574037
2.756	40.36904136
2.758	40.73188758
2.76	41.08396891
2.762	41.42500429
2.764	41.7547429
2.766	42.07296523
2.768	42.37948379
2.77	42.67414366
2.772	42.9568228
2.774	43.22743199
2.776	43.48591467
2.778	43.73224643
2.78	43.96643427
2.782	44.18851565
2.784	44.39855737
2.786	44.59665414
2.788	44.78292713
2.79	44.95752221
2.792	45.12060823
2.794	45.27237506
2.796	45.41303166
2.798	45.54280407
2.8	45.66193334
2.802	45.77067357
2.804	45.86928987
2.806	45.95805641
2.808	46.03725454
2.81	46.10717102
2.812	46.16809628
2.814	46.22032279
2.816	46.26414363
2.818	46.29985108
2.82	46.32773536
2.822	46.34808349
2.824	46.36117833
2.826	46.36729761
2.828	46.36671322
2.83	46.35969048
2.832	46.34648763
2.834	46.32735532
2.836	46.30253627
2.838	46.27226493
2.84	46.23676732
2.842	46.19626084
2.844	46.1509542
2.846	46.1010474
2.848	46.04673171
2.85	45.9881898
2.852	45.92559576
2.854	45.85911529
2.856	45.78890582
2.858	45.71511671
2.86	45.6378894
2.862	45.55735768
2.864	45.47364785
2.866	45.38687898
2.868	45.29716313
2.87	45.20460557
2.872	45.10930502
2.874	45.0113539
2.876	44.91083853
2.878	44.80783937
2.88	44.70243125
2.882	44.59468354
2.884	44.48466044
2.886	44.37242111
2.888	44.25801989
2.89	44.14150652
2.892	44.02292626
2.894	43.90232013
2.896	43.77972502
2.898	43.6551739
2.9	43.52869593
2.902	43.40031665
2.904	43.27005807
2.906	43.13793885
2.908	43.00397438
2.91	42.86817695
2.912	42.73055581
2.914	42.59111731
2.916	42.44986501
2.918	42.30679976
2.92	42.16191979
2.922	42.0152208
2.924	41.86669604
2.926	41.71633642
2.928	41.56413054
2.93	41.4100648
2.932	41.25412339
2.934	41.09628847
2.936	40.93654013
2.938	40.77485653
2.94	40.61121391
2.942	40.44558661
2.944	40.27794721
2.946	40.10826652
2.948	39.93651364
2.95	39.76265602
2.952	39.5866595
2.954	39.40848836
2.956	39.22810536
2.958	39.0454718
2.96	38.86054756
2.962	38.67329113
2.964	38.48365972
2.966	38.29160922
2.968	38.09709435
2.97	37.90006865
2.972	37.70048456
2.974	37.49829348
2.976	37.29344584
2.978	37.08589116
2.98	36.87557814
2.982	36.66245471
2.984	36.44646813
2.986	36.22756512
2.988	36.00569186
2.99	35.78079421
2.992	35.55281773
2.994	35.32170784
2.996	35.08740995
2.998	34.8498696
3	34.60903258
3.002	34.36484514
3.004	34.11725411
3.006	33.86620711
3.008	33.61165277
3.01	33.35354089
3.012	33.09182269
3.014	32.82645105
3.016	32.55738077
3.018	32.28456881
3.02	32.00797464
3.022	31.72756045
3.024	31.44329155
3.026	31.15513667
3.028	30.86306832
3.03	30.56706314
3.032	30.26710232
3.034	29.96317198
3.036	29.6552636
3.038	29.34337443
3.04	29.02750797
3.042	28.7076744
3.044	28.38389105
3.046	28.05618289
3.048	27.72458298
3.05	27.38913299
3.052	27.04988367
3.054	26.7068953
3.056	26.36023821
3.058	26.0099932
3.06	25.656252
3.062	25.29911769
3.064	24.93870506
3.066	24.57514103
3.068	24.20856491
3.07	23.83912868
3.072	23.46699726
3.074	23.09234858
3.076	22.71537377
3.078	22.3362771
3.08	21.95527597
3.082	21.57260073
3.084	21.18849447
3.086	20.8032127
3.088	20.41702284
3.09	20.0302038
3.092	19.64304521
3.094	19.25584679
3.096	18.86891738
3.098	18.48257408
3.1	18.09714108
3.102	17.71294859
3.104	17.3303315
3.106	16.94962813
3.108	16.5711787
3.11	16.19532398
3.112	15.82240367
3.114	15.45275486
3.116	15.08671049
3.118	14.72459768
3.12	14.36673624
3.122	14.01343705
3.124	13.66500062
3.126	13.32171558
3.128	12.9838574
3.13	12.65168704
3.132	12.32544986
3.134	12.00537456
3.136	11.69167229
3.138	11.38453584
3.14	11.08413905
3.142	10.79063641
3.144	10.50416268
3.146	10.22483279
3.148	9.95274187
3.15	9.687965351
3.152	9.430559329
3.154	9.180560983
3.156	8.937989151
3.158	8.702845024
3.16	8.475112934
3.162	8.254761243
3.164	8.041743301
3.166	7.835998477
3.168	7.637453236
3.17	7.446022245
3.172	7.261609516
3.174	7.084109543
3.176	6.91340845
3.178	6.749385118
3.18	6.591912292
3.182	6.440857648
3.184	6.296084837
3.186	6.157454461
3.188	6.024825015
3.19	5.89805376
3.192	5.776997545
3.194	5.661513564
3.196	5.551460048
3.198	5.4466969
3.2	5.347086265
3.202	5.252493034
3.204	5.162785299
3.206	5.077834741
3.208	4.997516969
3.21	4.921711807
3.212	4.85030353
3.214	4.78318106
3.216	4.720238115
3.218	4.661373323
3.22	4.606490303
3.222	4.555497709
3.224	4.508309251
3.226	4.464843689
3.228	4.425024806
3.23	4.388781359
3.232	4.356047015
3.234	4.326760274
3.236	4.300864379
3.238	4.278307211
3.24	4.259041185
3.242	4.243023132
3.244	4.230214181
3.246	4.220579634
3.248	4.214088836
3.25	4.21071505
3.252	4.210435328
3.254	4.213230384
3.256	4.219084463
3.258	4.227985221
3.26	4.239923597
3.262	4.254893695
3.264	4.272892666
3.266	4.29392059
3.268	4.317980371
3.27	4.345077623
3.272	4.375220571
3.274	4.408419949
3.276	4.444688903
3.278	4.484042902
3.28	4.526499648
3.282	4.572078989
3.284	4.620802845
3.286	4.672695124
3.288	4.727781653
3.29	4.786090109
3.292	4.847649949
3.294	4.912492349
3.296	4.980650145
3.298	5.052157776
3.3	5.127051226
3.302	5.205367979
3.304	5.287146966
3.306	5.372428518
3.308	5.461254323
3.31	5.55366738
3.312	5.649711963
3.314	5.749433578
3.316	5.852878927
3.318	5.960095869
3.32	6.071133386
3.322	6.186041545
3.324	6.304871466
3.326	6.427675282
3.328	6.554506109
3.33	6.685418012
3.332	6.820465967
3.334	6.95970582
3.336	7.103194255
3.338	7.25098875
3.34	7.403147539
3.342	7.55972957
3.344	7.720794458
3.346	7.886402434
3.348	8.0566143
3.35	8.231491367
3.352	8.411095403
3.354	8.595488564
3.356	8.784733329
3.358	8.978892428
3.36	9.178028762
3.362	9.382205318
3.364	9.591485078
3.366	9.805930921
3.368	10.02560552
3.37	10.25057121
3.372	10.48088989
3.374	10.71662288
3.376	10.95783078
3.378	11.2045733
3.38	11.45690911
3.382	11.71489568
3.384	11.97858905
3.386	12.24804367
3.388	12.52331214
3.39	12.80444502
3.392	13.09149056
3.394	13.38449445
3.396	13.68349951
3.398	13.98854544
3.4	14.29966845
3.402	14.616901
3.404	14.94027148
3.406	15.26980372
3.408	15.60551663
3.41	15.94742384
3.412	16.29553324
3.414	16.64984656
3.416	17.01035892
3.418	17.37705832
3.42	17.74992517
3.422	18.12893174
3.424	18.51404166
3.426	18.90520937
3.428	19.30237957
3.43	19.70548663
3.432	20.11445407
3.434	20.52919393
3.436	20.94960622
3.438	21.37557837
3.44	21.8069846
3.442	22.24368544
3.444	22.68552712
3.446	23.13234109
3.448	23.58394352
3.45	24.04013484
3.452	24.50069931
3.454	24.96540465
3.456	25.43400172
3.458	25.90622425
3.46	26.38178863
3.462	26.86039385
3.464	27.34172138
3.466	27.82543525
3.468	28.31118223
3.47	28.79859204
3.472	29.28727771
3.474	29.77683608
3.476	30.26684838
3.478	30.75688094
3.48	31.24648608
3.482	31.73520302
3.484	32.22255911
3.486	32.708071
3.488	33.19124601
3.49	33.67158366
3.492	34.14857728
3.494	34.62171582
3.496	35.09048568
3.498	35.55437271
3.5	36.01286421
3.502	36.46545112
3.504	36.91163021
3.506	37.35090631
3.508	37.78279457
3.51	38.2068228
3.512	38.62253366
3.514	39.02948697
3.516	39.42726183
3.518	39.81545872
3.52	40.19370151
3.522	40.56163929
3.524	40.91894808
3.526	41.26533234
3.528	41.60052633
3.53	41.92429518
3.532	42.23643582
3.534	42.53677761
3.536	42.82518272
3.538	43.10154628
3.54	43.36579628
3.542	43.61789318
3.544	43.85782929
3.546	44.08562797
3.548	44.30134248
3.55	44.50505477
3.552	44.696874
3.554	44.87693492
3.556	45.04539613
3.558	45.20243821
3.56	45.34826178
3.562	45.48308551
3.564	45.60714408
3.566	45.72068615
3.568	45.82397233
3.57	45.91727323
3.572	46.00086752
3.574	46.07504007
3.576	46.14008023
3.578	46.19628012
3.58	46.24393315
3.582	46.28333252
3.584	46.31476994
3.586	46.33853444
3.588	46.35491129
3.59	46.36418106
3.592	46.36661877
3.594	46.3624932
3.596	46.35206622
3.598	46.33559235
3.6	46.3133183
3.602	46.28548264
3.604	46.25231555
3.606	46.21403867
3.608	46.17086495
3.61	46.1229986
3.612	46.07063512
3.614	46.01396132
3.616	45.95315539
3.618	45.88838704
3.62	45.81981763
3.622	45.74760034
3.624	45.67188037
3.626	45.5927951
3.628	45.51047436
3.63	45.42504062
3.632	45.3366092
3.634	45.24528856
3.636	45.15118046
3.638	45.05438026
3.64	44.95497711
3.642	44.85305417
3.644	44.74868888
3.646	44.64195314
3.648	44.53291353
3.65	44.42163152
3.652	44.30816368
3.654	44.19256184
3.656	44.07487333
3.658	43.95514109
3.66	43.83340391
3.662	43.70969655
3.664	43.5840499
3.666	43.45649114
3.668	43.3270439
3.67	43.19572834
3.672	43.06256134
3.674	42.9275566
3.676	42.79072474
3.678	42.65207342
3.68	42.51160747
3.682	42.36932895
3.684	42.22523727
3.686	42.07932927
3.688	41.93159932
3.69	41.78203937
3.692	41.63063905
3.694	41.47738575
3.696	41.32226468
3.698	41.16525888
3.7	41.00634937
3.702	40.84551521
3.704	40.68273346
3.706	40.51797934
3.708	40.3512262
3.71	40.18244567
3.712	40.01160759
3.714	39.83868016
3.716	39.66362995
3.718	39.48642193
3.72	39.30701955
3.722	39.12538477
3.724	38.94147809
3.726	38.75525863
3.728	38.56668419
3.73	38.37571124
3.732	38.18229503
3.734	37.98638962
3.736	37.78794796
3.738	37.58692192
3.74	37.38326235
3.742	37.17691918
3.744	36.96784149
3.746	36.75597755
3.748	36.54127493
3.75	36.32368058
3.752	36.10314093
3.754	35.87960197
3.756	35.65300941
3.758	35.42330872
3.76	35.19044532
3.762	34.95436468
3.764	34.71501248
3.766	34.47233475
3.768	34.22627806
3.77	33.97678966
3.772	33.72381773
3.774	33.46731152
3.776	33.2072216
3.778	32.94350009
3.78	32.67610093
3.782	32.40498007
3.784	32.13009584
3.786	31.85140919
3.788	31.568884
3.79	31.28248744
3.792	30.99219028
3.794	30.69796727
3.796	30.39979754
3.798	30.09766495
3.8	29.79155853
3.802	29.48147288
3.804	29.16740866
3.806	28.849373
3.808	28.52737995
3.81	28.201451
3.812	27.87161552
3.814	27.53791125
3.816	27.20038479
3.818	26.85909208
3.82	26.51409887
3.822	26.16548118
3.824	25.81332577
3.826	25.45773054
3.828	25.09880495
3.83	24.73667041
3.832	24.37146059
3.834	24.00332172
3.836	23.63241284
3.838	23.25890597
3.84	22.88298627
3.842	22.50485205
3.844	22.12471476
3.846	21.74279891
3.848	21.35934184
3.85	20.97459345
3.852	20.58881581
3.854	20.20228266
3.856	19.81527883
3.858	19.42809953
3.86	19.04104954
3.862	18.65444228
3.864	18.26859882
3.866	17.88384673
3.868	17.50051889
3.87	17.11895214
3.872	16.73948597
3.874	16.36246101
3.876	15.98821754
3.878	15.61709396
3.88	15.24942519
3.882	14.88554111
3.884	14.52576494
3.886	14.17041171
3.888	13.81978672
3.89	13.47418406
3.892	13.13388525
3.894	12.79915788
3.896	12.47025443
3.898	12.14741119
3.9	11.83084729
3.902	11.52076384
3.904	11.21734326
3.906	10.92074879
3.908	10.63112409
3.91	10.34859304
3.912	10.07325965
3.914	9.805208211
3.916	9.544503491
3.918	9.291191135
3.92	9.045298179
3.922	8.806833689
3.924	8.575789505
3.926	8.352141091
3.928	8.13584846
3.93	7.926857175
3.932	7.725099404
3.934	7.530495017
3.936	7.342952711
3.938	7.162371155
3.94	6.988640131
3.942	6.821641673
3.944	6.66125118
3.946	6.507338508
3.948	6.359769024
3.95	6.218404607
3.952	6.083104613
3.954	5.953726777
3.956	5.830128057
3.958	5.712165422
3.96	5.599696572
3.962	5.492580601
3.964	5.390678594
3.966	5.29385416
3.968	5.201973911
3.97	5.11490788
3.972	5.03252988
3.974	4.954717814
3.976	4.881353937
3.978	4.812325064
3.98	4.747522745
3.982	4.686843393
3.984	4.630188378
3.986	4.577464086
3.988	4.528581958
3.99	4.483458485
3.992	4.442015197
3.994	4.404178622
3.996	4.36988023
3.998	4.339056357
4	4.311648125
4.002	4.287601344
4.004	4.266866402
4.006	4.24939816
4.008	4.235155829
4.01	4.224102851
4.012	4.216206767
4.014	4.211439095
4.016	4.209775199
4.018	4.211194163
4.02	4.215678658
4.022	4.223214825
4.024	4.23379214
4.026	4.247403301
4.028	4.264044102
4.03	4.283713323
4.032	4.30641261
4.034	4.332146375
4.036	4.360921682
4.038	4.39274815
4.04	4.427637854
4.042	4.465605231
4.044	4.506666992
4.046	4.550842031
4.048	4.598151349
4.05	4.648617971
4.052	4.702266873
4.054	4.759124911
4.056	4.81922075
4.058	4.882584805
4.06	4.949249176
4.062	5.01924759
4.064	5.092615345
4.066	5.169389261
4.068	5.249607627
4.07	5.333310152
4.072	5.420537924
4.074	5.511333361
4.076	5.605740171
4.078	5.703803315
4.08	5.805568965
4.082	5.911084468
4.084	6.02039831
4.086	6.133560078
4.088	6.250620426
4.09	6.371631041
4.092	6.496644605
4.094	6.625714765
4.096	6.758896096
4.098	6.896244062
4.1	7.03781498
4.102	7.18366598
4.104	7.333854967
4.106	7.488440577
4.108	7.647482138
4.11	7.811039613
4.112	7.979173562
4.114	8.151945078
4.116	8.329415737
4.118	8.511647535
4.12	8.69870282
4.122	8.890644226
4.124	9.087534593
4.126	9.289436888
4.128	9.496414112
4.13	9.708529212
4.132	9.925844972
4.134	10.1484239
4.136	10.37632813
4.138	10.60961926
4.14	10.84835822
4.142	11.09260518
4.144	11.34241929
4.146	11.59785859
4.148	11.85897981
4.15	12.12583814
4.152	12.39848706
4.154	12.67697808
4.156	12.96136053
4.158	13.2516813
4.16	13.54798455
4.162	13.85031145
4.164	14.15869979
4.166	14.4731838
4.168	14.79379374
4.17	15.12055558
4.172	15.45349049
4.174	15.79261454
4.176	16.13793827
4.178	16.48946625
4.18	16.84719665
4.182	17.21112074
4.184	17.58122243
4.186	17.95747772
4.188	18.33985422
4.19	18.72831059
4.192	19.12279598
4.194	19.5232495
4.196	19.92959963
4.198	20.34176366
4.2	20.7596471
4.202	21.18314313
4.204	21.61213198
4.206	22.04648043
4.208	22.4860412
4.21	22.93065248
4.212	23.38013737
4.214	23.83430345
4.216	24.29294229
4.218	24.75582912
4.22	25.22272241
4.222	25.69336363
4.224	26.16747698
4.226	26.64476929
4.228	27.12492989
4.23	27.60763065
4.232	28.09252605
4.234	28.57925343
4.236	29.06743327
4.238	29.55666958
4.24	30.04655052
4.242	30.53664899
4.244	31.02652348
4.246	31.5157189
4.248	32.00376777
4.25	32.49019136
4.252	32.97450095
4.254	33.45619933
4.256	33.93478233
4.258	34.4097406
4.26	34.88056139
4.262	35.34673049
4.264	35.80773421
4.266	36.26306154
4.268	36.71220627
4.27	37.15466926
4.272	37.58996067
4.274	38.01760227
4.276	38.4371297
4.278	38.84809471
4.28	39.25006742
4.282	39.64263837
4.284	40.02542062
4.286	40.39805165
4.288	40.76019511
4.29	41.11154247
4.292	41.45181438
4.294	41.78076194
4.296	42.09816765
4.298	42.40384621
4.3	42.69764497
4.302	42.97944425
4.304	43.24915727
4.306	43.50672996
4.308	43.7521404
4.31	43.98539813
4.312	44.20654312
4.314	44.41564462
4.316	44.61279976
4.318	44.79813202
4.32	44.97178954
4.322	45.1339433
4.324	45.28478517
4.326	45.42452601
4.328	45.55339359
4.33	45.67163057
4.332	45.7794925
4.334	45.87724576
4.336	45.96516568
4.338	46.04353461
4.34	46.11264014
4.342	46.17277338
4.344	46.22422739
4.346	46.26729567
4.348	46.3022708
4.35	46.32944318
4.352	46.34909994
4.354	46.3615239
4.356	46.36699271
4.358	46.36577804
4.36	46.35814499
4.362	46.34435147
4.364	46.32464775
4.366	46.29927613
4.368	46.2684706
4.37	46.23245669
4.372	46.19145126
4.374	46.14566248
4.376	46.09528979
4.378	46.04052389
4.38	45.98154686
4.382	45.91853221
4.384	45.85164504
4.386	45.78104219
4.388	45.70687244
4.39	45.62927667
4.392	45.54838807
4.394	45.4643324
4.396	45.37722817
4.398	45.2871869
4.4	45.19431333
4.402	45.09870568
4.404	45.00045586
4.406	44.8996497
4.408	44.79636718
4.41	44.69068266
4.412	44.5826651
4.414	44.47237823
4.416	44.35988081
4.418	44.24522676
4.42	44.12846542
4.422	44.00964169
4.424	43.88879619
4.426	43.76596548
4.428	43.64118216
4.43	43.51447507
4.432	43.38586941
4.434	43.25538688
4.436	43.12304583
4.438	42.98886136
4.44	42.85284547
4.442	42.71500713
4.444	42.57535242
4.446	42.43388465
4.448	42.2906044
4.45	42.14550965
4.452	41.99859587
4.454	41.84985609
4.456	41.69928096
4.458	41.54685889
4.46	41.39257605
4.462	41.23641644
4.464	41.07836199
4.466	40.91839262
4.468	40.75648629
4.47	40.59261903
4.472	40.42676504
4.474	40.2588967
4.476	40.08898466
4.478	39.91699784
4.48	39.74290354
4.482	39.56666745
4.484	39.38825369
4.486	39.20762487
4.488	39.02474216
4.49	38.83956529
4.492	38.65205264
4.494	38.46216126
4.496	38.26984697
4.498	38.07506435
4.5	37.87776683
4.502	37.67790675
4.504	37.47543542
4.506	37.27030319
4.508	37.0624595
4.51	36.85185296
4.512	36.63843146
4.514	36.42214221
4.516	36.20293187
4.518	35.98074662
4.52	35.75553226
4.522	35.52723436
4.524	35.29579836
4.526	35.06116967
4.528	34.82329387
4.53	34.58211681
4.532	34.33758478
4.534	34.08964473
4.536	33.83824438
4.538	33.58333247
4.54	33.32485895
4.542	33.06277521
4.544	32.79703435
4.546	32.52759137
4.548	32.25440351
4.55	31.97743048
4.552	31.69663481
4.554	31.41198216
4.556	31.12344161
4.558	30.83098611
4.56	30.53459274
4.562	30.2342432
4.564	29.92992412
4.566	29.62162755
4.568	29.30935138
4.57	28.99309976
4.572	28.67288356
4.574	28.34872088
4.576	28.02063748
4.578	27.68866726
4.58	27.35285279
4.582	27.01324573
4.584	26.66990736
4.586	26.32290903
4.588	25.97233261
4.59	25.61827092
4.592	25.26082819
4.594	24.9001204
4.596	24.53627565
4.598	24.1694345
4.6	23.79975018
4.602	23.42738887
4.604	23.05252978
4.606	22.67536532
4.608	22.29610102
4.61	21.91495554
4.612	21.53216047
4.614	21.14796009
4.616	20.76261105
4.618	20.37638191
4.62	19.98955259
4.622	19.60241371
4.624	19.21526585
4.626	18.82841866
4.628	18.44218991
4.63	18.05690438
4.632	17.67289272
4.634	17.29049014
4.636	16.91003513
4.638	16.53186797
4.64	16.15632929
4.642	15.78375854
4.644	15.4144924
4.646	15.0488632
4.648	14.68719737
4.65	14.3298138
4.652	13.97702236
4.654	13.62912237
4.656	13.28640117
4.658	12.94913278
4.66	12.61757661
4.662	12.29197639
4.664	11.97255905
4.666	11.65953393
4.668	11.35309193
4.67	11.05340498
4.672	10.76062559
4.674	10.47488655
4.676	10.19630082
4.678	9.924961545
4.68	9.660942246
4.682	9.404297116
4.684	9.155061497
4.686	8.913252458
4.688	8.678869495
4.69	8.451895333
4.692	8.23229682
4.694	8.020025898
4.696	7.815020631
4.698	7.617206285
4.7	7.426496449
4.702	7.242794163
4.704	7.06599307
4.706	6.895978549
4.708	6.732628851
4.71	6.575816196
4.712	6.425407842
4.714	6.281267116
4.716	6.143254396
4.718	6.011228037
4.72	5.885045247
4.722	5.764562894
4.724	5.649638264
4.726	5.540129747
4.728	5.435897458
4.73	5.336803809
4.732	5.242714005
4.734	5.153496489
4.736	5.06902333
4.738	4.989170555
4.74	4.91381843
4.742	4.842851692
4.744	4.776159742
4.746	4.713636788
4.748	4.655181959
4.75	4.600699377
4.752	4.550098204
4.754	4.503292657
4.756	4.460202002
4.758	4.420750522
4.76	4.384867468
4.762	4.352486997
4.764	4.323548087
4.766	4.297994447
4.768	4.27577442
4.77	4.256840866
4.772	4.241151051
4.774	4.228666529
4.776	4.21935301
4.778	4.213180237
4.78	4.210121859
4.782	4.210155299
4.784	4.21326163
4.786	4.219425445
4.788	4.228634735
4.79	4.240880761
4.792	4.256157937
4.794	4.274463714
4.796	4.29579846
4.798	4.320165356
4.8	4.347570284
4.802	4.378021725
4.804	4.411530659
4.806	4.448110473
4.808	4.487776864
4.81	4.530547753
4.812	4.576443203
4.814	4.625485337
4.816	4.677698262
4.818	4.733107994
4.82	4.791742395
4.822	4.853631098
4.824	4.918805453
4.826	4.987298459
4.828	5.059144717
4.83	5.134380365
4.832	5.213043038
4.834	5.295171813
4.836	5.380807161
4.838	5.469990907
4.84	5.562766184
4.842	5.659177393
4.844	5.759270166
4.846	5.863091326
4.848	5.97068885
4.85	6.082111835
4.852	6.197410459
4.854	6.316635948
4.856	6.43984054
4.858	6.567077454
4.86	6.69840085
4.862	6.833865798
4.864	6.973528235
4.866	7.117444931
4.868	7.265673447
4.87	7.418272097
4.872	7.575299901
4.874	7.736816544
4.876	7.902882323
4.878	8.0735581
4.88	8.24890524
4.882	8.428985559
4.884	8.613861255
4.886	8.803594843
4.888	8.99824908
4.89	9.197886888
4.892	9.402571265
4.894	9.612365194
4.896	9.827331547
4.898	10.04753297
4.9	10.27303179
4.902	10.50388984
4.904	10.7401684
4.906	10.98192799
4.908	11.22922822
4.91	11.48212769
4.912	11.74068372
4.914	12.00495223
4.916	12.27498749
4.918	12.55084192
4.92	12.83256589
4.922	13.1202074
4.924	13.41381187
4.926	13.71342188
4.928	14.01907676
4.93	14.33081239
4.932	14.64866087
4.934	14.97265015
4.936	15.3028036
4.938	15.63913964
4.94	15.98167137
4.942	16.33040608
4.944	16.6853449
4.946	17.04648226
4.948	17.41380545
4.95	17.78729409
4.952	18.16691965
4.954	18.55264488
4.956	18.94442328
4.958	19.34219855
4.96	19.74590405
4.962	20.15546215
4.964	20.57078377
4.966	20.99176768
4.968	21.41830004
4.97	21.85025374
4.972	22.28748791
4.974	22.72984734
4.976	23.177162
4.978	23.6292465
4.98	24.08589969
4.982	24.54690418
4.984	25.01202605
4.986	25.48101444
4.988	25.95360136
4.99	26.42950147
4.992	26.90841199
4.994	27.39001264
4.996	27.87396572
4.998	28.35991625
5	28.84749224
5.002	29.33630507
5.004	29.82594996
5.006	30.31600658
5.008	30.80603981
5.01	31.29560055
5.012	31.78422674
5.014	32.27144457
5.016	32.75676964
5.018	33.23970836
5.02	33.7197595
5.022	34.19641582
5.024	34.66916585
5.026	35.13749579
5.028	35.60089146
5.03	36.05884037
5.032	36.51083388
5.034	36.95636936
5.036	37.3949525
5.038	37.82609957
5.04	38.24933965
5.042	38.66421698
5.044	39.07029311
5.046	39.46714914
5.048	39.85438773
5.05	40.23163513
5.052	40.59854299
5.054	40.95479007
5.056	41.30008369
5.058	41.63416113
5.06	41.95679062
5.062	42.26777229
5.064	42.56693872
5.066	42.85415539
5.068	43.12932071
5.07	43.39236592
5.072	43.64325472
5.074	43.88198258
5.076	44.10857591
5.078	44.32309092
5.08	44.52561238
5.082	44.71625211
5.084	44.89514738
5.086	45.06245909
5.088	45.21836996
5.09	45.36308256
5.092	45.4968173
5.094	45.61981038
5.096	45.7323118
5.098	45.83458332
5.1	45.92689648
5.102	46.0095307
5.104	46.08277143
5.106	46.1469084
5.108	46.20223399
5.11	46.24904169
5.112	46.28762464
5.114	46.31827439
5.116	46.34127968
5.118	46.35692537
5.12	46.36549155
5.122	46.36725269
5.124	46.36247691
5.126	46.35142543
5.128	46.33435201
5.13	46.31150258
5.132	46.28311491
5.134	46.24941835
5.136	46.2106337
5.138	46.16697304
5.14	46.11863974
5.142	46.06582843
5.144	46.00872507
5.146	45.94750701
5.148	45.88234311
5.15	45.81339394
5.152	45.74081186
5.154	45.66474129
5.156	45.58531885
5.158	45.50267363
5.16	45.41692738
5.162	45.32819473
5.164	45.23658344
5.166	45.14219465
5.168	45.04512307
5.17	44.94545725
5.172	44.84327978
5.174	44.73866752
5.176	44.63169182
5.178	44.52241876
5.18	44.41090931
5.182	44.29721953
5.184	44.18140083
5.186	44.06350005
5.188	43.94355975
5.19	43.82161827
5.192	43.69770999
5.194	43.57186543
5.196	43.44411139
5.198	43.31447115
5.2	43.18296455
5.202	43.04960813
5.204	42.91441527
5.206	42.77739629
5.208	42.63855857
5.21	42.49790665
5.212	42.35544232
5.214	42.21116473
5.216	42.06507046
5.218	41.91715364
5.22	41.76740598
5.222	41.61581688
5.224	41.46237352
5.226	41.30706086
5.228	41.14986176
5.23	40.99075703
5.232	40.82972552
5.234	40.66674412
5.236	40.50178784
5.238	40.33482987
5.24	40.16584163
5.242	39.99479283
5.244	39.82165149
5.246	39.646384
5.248	39.4689552
5.25	39.28932837
5.252	39.10746532
5.254	38.92332641
5.256	38.73687065
5.258	38.54805567
5.26	38.35683783
5.262	38.16317225
5.264	37.9670129
5.266	37.76831259
5.268	37.56702308
5.27	37.36309515
5.272	37.15647864
5.274	36.94712252
5.276	36.734975
5.278	36.51998359
5.28	36.30209517
5.282	36.08125613
5.284	35.85741243
5.286	35.63050974
5.288	35.40049352
5.29	35.16730919
5.292	34.93090223
5.294	34.69121834
5.296	34.44820362
5.298	34.20180468
5.3	33.95196886
5.302	33.69864443
5.304	33.44178076
5.306	33.18132858
5.308	32.91724017
5.31	32.64946964
5.312	32.37797319
5.314	32.10270938
5.316	31.82363944
5.318	31.54072757
5.32	31.25394126
5.322	30.96325169
5.324	30.66863402
5.326	30.37006782
5.328	30.06753744
5.33	29.76103246
5.332	29.45054806
5.334	29.13608553
5.336	28.81765264
5.338	28.49526419
5.34	28.16894242
5.342	27.83871751
5.344	27.50462806
5.346	27.16672158
5.348	26.82505496
5.35	26.47969495
5.352	26.13071862
5.354	25.77821381
5.356	25.42227957
5.358	25.06302654
5.36	24.70057731
5.362	24.33506679
5.364	23.96664248
5.366	23.59546471
5.368	23.2217068
5.37	22.8455552
5.372	22.46720955
5.374	22.0868826
5.376	21.70480014
5.378	21.32120078
5.38	20.93633565
5.382	20.550468
5.384	20.1638727
5.386	19.77683565
5.388	19.38965304
5.39	19.00263056
5.392	18.61608245
5.394	18.23033047
5.396	17.84570276
5.398	17.46253267
5.4	17.08115737
5.402	16.70191651
5.404	16.32515077
5.406	15.95120031
5.408	15.58040325
5.41	15.21309409
5.412	14.84960211
5.414	14.49024979
5.416	14.13535125
5.418	13.78521076
5.42	13.44012121
5.422	13.1003628
5.424	12.76620166
5.426	12.43788872
5.428	12.11565859
5.43	11.79972865
5.432	11.49029818
5.434	11.18754772
5.436	10.89163858
5.438	10.60271245
5.44	10.32089123
5.442	10.04627699
5.444	9.778952038
5.446	9.518979236
5.448	9.266402352
5.45	9.021246603
5.452	8.783519309
5.454	8.553210642
5.456	8.330294487
5.458	8.114729375
5.46	7.906459488
5.462	7.705415721
5.464	7.511516782
5.466	7.32467032
5.468	7.144774069
5.47	6.971716989
5.472	6.805380402
5.474	6.645639109
5.476	6.492362472
5.478	6.345415465
5.48	6.204659674
5.482	6.069954252
5.484	5.94115682
5.486	5.8181243
5.488	5.700713702
5.49	5.588782834
5.492	5.482190962
5.494	5.380799395
5.496	5.284472021
5.498	5.193075773
5.5	5.106481042
5.502	5.024562033
5.504	4.947197071
5.506	4.874268851
5.508	4.805664653
5.51	4.741276503
5.512	4.681001301
5.514	4.624740913
5.516	4.572402225
5.518	4.523897179
5.52	4.479142767
5.522	4.438061016
5.524	4.400578948
5.526	4.366628518
5.528	4.336146541
5.53	4.309074609
5.532	4.28535899
5.534	4.264950522
5.536	4.247804502
5.538	4.233880567
5.54	4.223142569
5.542	4.215558453
5.544	4.211100122
5.546	4.209743315
5.548	4.211467478
5.55	4.216255632
5.552	4.224094254
5.554	4.234973146
5.556	4.248885317
5.558	4.265826864
5.56	4.285796855
5.562	4.308797218
5.564	4.334832629
5.566	4.363910413
5.568	4.396040437
5.57	4.431235013
5.572	4.469508809
5.574	4.510878756
5.576	4.555363962
5.578	4.602985631
5.58	4.653766985
5.582	4.707733191
5.584	4.764911287
5.586	4.825330115
5.588	4.88902026
5.59	4.956013986
5.592	5.026345178
5.594	5.100049289
5.596	5.177163286
5.598	5.257725602
5.6	5.341776085
5.602	5.429355957
5.604	5.520507766
5.606	5.615275348
5.608	5.713703784
5.61	5.815839366
5.612	5.921729556
5.614	6.03142295
5.616	6.144969243
5.618	6.262419195
5.62	6.383824593
5.622	6.509238217
5.624	6.638713807
5.626	6.77230603
5.628	6.910070436
5.63	7.052063425
5.632	7.198342207
5.634	7.348964761
5.636	7.503989796
5.638	7.663476703
5.64	7.82748551
5.642	7.996076831
5.644	8.169311812
5.646	8.347252073
5.648	8.529959649
5.65	8.717496922
5.652	8.909926549
5.654	9.107311388
5.656	9.309714414
5.658	9.51719863
5.66	9.72982697
5.662	9.947662198
5.664	10.1707668
5.666	10.39920284
5.668	10.63303188
5.67	10.87231478
5.672	11.1171116
5.674	11.36748141
5.676	11.62348213
5.678	11.88517033
5.68	12.15260106
5.682	12.4258276
5.684	12.70490127
5.686	12.98987117
5.688	13.28078392
5.69	13.57768341
5.692	13.88061049
5.694	14.18960261
5.696	14.50469363
5.698	14.8259134
5.7	15.15328742
5.702	15.4868364
5.704	15.82657587
5.706	16.1725158
5.708	16.52466014
5.71	16.88300641
5.712	17.24754517
5.714	17.61825958
5.716	17.99512482
5.718	18.37810765
5.72	18.7671658
5.722	19.16224747
5.724	19.56329073
5.726	19.97022298
5.728	20.38296038
5.73	20.80140724
5.732	21.22545547
5.734	21.65498401
5.736	22.08985826
5.738	22.52992953
5.74	22.97503454
5.742	23.42499487
5.744	23.87961653
5.746	24.3386895
5.748	24.80198734
5.75	25.26926686
5.752	25.74026781
5.754	26.21471271
5.756	26.69230662
5.758	27.17273716
5.76	27.65567445
5.762	28.14077127
5.764	28.62766326
5.766	29.11596924
5.768	29.60529164
5.77	30.09521705
5.772	30.58531691
5.774	31.07514831
5.776	31.56425488
5.778	32.05216795
5.78	32.53840775
5.782	33.02248465
5.784	33.50390064
5.786	33.98215098
5.788	34.45672588
5.79	34.92711235
5.792	35.39279612
5.794	35.85326369
5.796	36.30800439
5.798	36.75651261
5.8	37.19829003
5.802	37.63284785
5.804	38.05970909
5.806	38.47841088
5.808	38.8885067
5.81	39.28956858
5.812	39.6811892
5.814	40.06298396
5.816	40.43459284
5.818	40.79568217
5.82	41.14594625
5.822	41.48510869
5.824	41.81292367
5.826	42.12917684
5.828	42.43368611
5.83	42.72630211
5.832	43.00690839
5.834	43.27542146
5.836	43.53179045
5.838	43.77599661
5.84	44.00805253
5.842	44.22800114
5.844	44.43591453
5.846	44.63189252
5.848	44.81606111
5.85	44.9885708
5.852	45.14959471
5.854	45.29932672
5.856	45.43797944
5.858	45.56578222
5.86	45.6829791
5.862	45.78982678
5.864	45.88659264
5.866	45.97355278
5.868	46.05099017
5.87	46.11919281
5.872	46.17845209
5.874	46.22906119
5.876	46.27131356
5.878	46.30550165
5.88	46.33191557
5.882	46.35084208
5.884	46.36256353
5.886	46.367357
5.888	46.36549356
5.89	46.35723762
5.892	46.34284634
5.894	46.32256923
5.896	46.29664778
5.898	46.26531516
5.9	46.22879602
5.902	46.1873064
5.904	46.14105359
5.906	46.09023615
5.908	46.03504395
5.91	45.97565819
5.912	45.91225157
5.914	45.84498834
5.916	45.77402456
5.918	45.69950819
5.92	45.62157935
5.922	45.54037049
5.924	45.45600664
5.926	45.3686056
5.928	45.27827822
5.93	45.18512858
5.932	45.08925426
5.934	44.99074655
5.936	44.8896907
5.938	44.78616613
5.94	44.68024665
5.942	44.57200068
5.944	44.46149147
5.946	44.34877727
5.948	44.23391156
5.95	44.11694321
5.952	43.9979167
5.954	43.87687224
5.956	43.75384598
5.958	43.62887016
5.96	43.50197324
5.962	43.37318006
5.964	43.242512
5.966	43.10998707
5.968	42.97562007
5.97	42.83942267
5.972	42.70140356
5.974	42.56156856
5.976	42.41992068
5.978	42.27646024
5.98	42.13118499
5.982	41.98409013
5.984	41.83516846
5.986	41.68441041
5.988	41.53180415
5.99	41.37733565
5.992	41.22098868
5.994	41.06274498
5.996	40.90258428
5.998	40.74048434
6	40.57642101
6.002	40.41036829
6.002	40.41036829
