0.002	0
0.004	0
0.006	0
0.008	0
0.01	0
0.012	0
0.014	0
0.016	0
0.018	0
0.02	0
0.022	0
0.024	0
0.026	0
0.028	0
0.03	0
0.032	0
0.034	0
0.036	0
0.038	0
0.04	0
0.042	0
0.044	0
0.046	0
0.048	0
0.05	0
0.052	0
0.054	0
0.056	0
0.058	2.798911332e-287
0.06	7.36420588e-194
0.062	2.170475657e-162
0.064	9.772025122e-148
0.066	8.811254981e-140
0.068	5.881053752e-133
0.07	2.437143195e-127
0.072	2.515283311e-122
0.074	3.649706723e-118
0.076	1.851813906e-114
0.078	4.075968879e-111
0.08	4.786878717e-108
0.082	3.367889351e-105
0.084	1.523042742e-102
0.086	4.645673942e-100
0.088	9.929257533e-98
0.09	1.538208861e-95
0.092	1.781104329e-93
0.094	1.58403653e-91
0.096	1.107751314e-89
0.098	6.213546272e-88
0.1	2.842242015e-86
0.102	1.075094333e-84
0.104	3.403043632e-83
0.106	9.11013952e-82
0.108	2.08311374e-80
0.11	4.107927798e-79
0.112	7.054688326e-78
0.114	1.065592129e-76
0.116	1.430008857e-75
0.118	1.722075796e-74
0.12	1.87864188e-73
0.122	1.872468261e-72
0.124	1.717540268e-71
0.126	1.458374685e-70
0.128	1.151684686e-69
0.13	8.491213401e-69
0.132	5.86449184e-68
0.134	3.805679119e-67
0.136	2.326782486e-66
0.138	1.34337139e-65
0.14	7.336906621e-65
0.142	3.795108411e-64
0.144	1.860597561e-63
0.146	8.649915857e-63
0.148	3.815089443e-62
0.15	1.59736392e-61
0.152	6.35491001e-61
0.154	2.40535967e-60
0.156	8.67656717e-60
0.158	2.989012749e-59
0.16	9.858900397e-59
0.162	3.123008752e-58
0.164	9.535129586e-58
0.166	2.817873977e-57
0.168	8.099667527e-57
0.17	2.276719763e-56
0.172	6.293797994e-56
0.174	1.720445227e-55
0.176	4.671558483e-55
0.178	1.263725077e-54
0.18	3.408929506e-54
0.182	9.160230111e-54
0.184	2.445774554e-53
0.186	6.46701488e-53
0.188	1.687621864e-52
0.19	4.333067637e-52
0.192	1.091930632e-51
0.194	2.695844476e-51
0.196	6.51304069e-51
0.198	1.53877374e-50
0.2	3.554316158e-50
0.202	8.026891715e-50
0.204	1.772815861e-49
0.206	3.830770939e-49
0.208	8.102922765e-49
0.21	1.678750463e-48
0.212	3.408735874e-48
0.214	6.788077181e-48
0.216	1.326580644e-47
0.218	2.545897674e-47
0.22	4.801228707e-47
0.222	8.903209031e-47
0.224	1.624410417e-46
0.226	2.917866786e-46
0.228	5.16313527e-46
0.23	9.005126839e-46
0.232	1.548946637e-45
0.234	2.628981485e-45
0.236	4.405239684e-45
0.238	7.291242913e-45
0.24	1.192601926e-44
0.242	1.928663147e-44
0.244	3.085194895e-44
0.246	4.883893992e-44
0.248	7.654083614e-44
0.25	1.188074265e-43
0.252	1.827223969e-43
0.254	2.785522733e-43
0.256	4.210677216e-43
0.258	6.313727369e-43
0.26	9.3942351e-43
0.262	1.387482058e-42
0.264	2.034827035e-42
0.266	2.964153391e-42
0.268	4.290232517e-42
0.27	6.171588004e-42
0.272	8.826182628e-42
0.274	1.255243052e-41
0.276	1.775724874e-41
0.278	2.499339838e-41
0.28	3.500905096e-41
0.282	4.881339978e-41
0.284	6.776327357e-41
0.286	9.36771676e-41
0.288	1.289849703e-40
0.29	1.769240347e-40
0.292	2.417952543e-40
0.294	3.292966046e-40
0.296	4.469564086e-40
0.298	6.046945996e-40
0.3	8.155477789e-40
0.302	1.096603237e-39
0.304	1.470198745e-39
0.306	6.985319012e-16
0.308	6.720044617e-11
0.31	1.946899326e-07
0.312	3.737997579e-05
0.314	0.001612254778
0.316	0.02686970846
0.318	0.2256445215
0.32	1.124546025
0.322	3.738234531
0.324	9.083379
0.326	17.35975971
0.328	27.65921068
0.33	38.46121458
0.332	48.3742344
0.334	56.57447384
0.336	62.83535487
0.338	67.33012965
0.34	70.40594548
0.342	72.42734978
0.344	73.70136227
0.346	74.45902585
0.348	74.86469387
0.35	75.03338792
0.352	75.04646363
0.354	74.96255737
0.356	74.82421148
0.358	74.66171679
0.36	74.49561094
0.362	74.33870067
0.364	74.19792493
0.366	74.07604792
0.368	73.97307757
0.37	73.88734911
0.372	73.81628537
0.374	73.75689937
0.376	73.7061119
0.378	73.66095047
0.38	73.61867718
0.382	73.57686296
0.384	73.53344899
0.386	73.48675549
0.388	73.43550546
0.39	73.37880729
0.392	73.31613074
0.394	73.24727664
0.396	73.17233191
0.398	73.09161853
0.4	73.00564268
0.402	72.91504612
0.404	72.82055272
0.406	72.72292505
0.408	72.62292536
0.41	72.5212816
0.412	72.4186624
0.414	72.31565753
0.416	72.21276581
0.418	72.11039048
0.42	72.00883599
0.422	71.90831258
0.424	71.80894292
0.426	71.71077018
0.428	71.61377583
0.43	71.51787942
0.432	71.4229595
0.434	71.32886199
0.436	71.23541049
0.438	71.14241594
0.44	71.04968478
0.442	70.95702563
0.444	70.86425542
0.446	70.77120171
0.448	70.67770794
0.45	70.58363479
0.452	70.48886063
0.454	70.39328213
0.456	70.29681419
0.458	70.19938944
0.46	70.10095656
0.462	70.00147933
0.464	69.90093532
0.466	69.79931397
0.468	69.69661517
0.47	69.59284767
0.472	69.4880276
0.474	69.38217745
0.476	69.27532384
0.478	69.1674968
0.48	69.05872865
0.482	68.94905316
0.484	68.8385046
0.486	68.72711695
0.488	68.61492334
0.49	68.50195636
0.492	68.38824557
0.494	68.27381911
0.496	68.15870296
0.498	68.04292072
0.5	67.92649347
0.502	67.80943982
0.504	67.69177565
0.506	67.57351483
0.508	67.45466844
0.51	67.33524511
0.512	67.21525126
0.514	67.09469098
0.516	66.97356608
0.518	66.8518761
0.52	66.72961833
0.522	66.6067878
0.524	66.48337725
0.526	66.35937707
0.528	66.23477519
0.53	66.1095572
0.532	65.98370642
0.534	65.8572035
0.536	65.73002656
0.538	65.60215119
0.54	65.47355068
0.542	65.34419558
0.544	65.21405412
0.546	65.08309224
0.548	64.95127363
0.55	64.81855975
0.552	64.68491031
0.554	64.55028379
0.556	64.41463699
0.558	64.2779256
0.56	64.14010453
0.562	64.00112824
0.564	63.86095105
0.566	63.7195275
0.568	63.57681266
0.57	63.4327625
0.572	63.28733425
0.574	63.1404867
0.576	62.99218052
0.578	62.84237859
0.58	62.69104621
0.582	62.5381514
0.584	62.38366507
0.586	62.22756126
0.588	62.06981723
0.59	61.9104136
0.592	61.74933442
0.594	61.58656722
0.596	61.42210305
0.598	61.25593638
0.6	61.08806511
0.602	60.91849049
0.604	60.74721694
0.606	60.574252
0.608	60.3996061
0.61	60.22329244
0.612	60.04532677
0.614	59.86572716
0.616	59.68451385
0.618	59.50170898
0.62	59.31733641
0.622	59.13142145
0.624	58.94399066
0.626	58.75507166
0.628	58.56469287
0.63	58.37288322
0.632	58.17967233
0.634	57.98509008
0.636	57.78916632
0.638	57.59193087
0.64	57.39341336
0.642	57.19364317
0.644	56.99264929
0.646	56.79046019
0.648	56.58710384
0.65	56.3826076
0.652	56.17699819
0.654	55.97030166
0.656	55.76254339
0.658	55.55374831
0.66	55.34394008
0.662	55.13314237
0.664	54.92137809
0.666	54.70866958
0.668	54.49503865
0.67	54.2805067
0.672	54.06509479
0.674	53.84882371
0.676	53.63171403
0.678	53.41378618
0.68	53.19506054
0.682	52.97555751
0.684	52.75529761
0.686	52.53430153
0.688	52.31259025
0.69	52.09018508
0.692	51.86710775
0.694	51.64338045
0.696	51.41902598
0.698	51.19406769
0.7	50.96852963
0.702	50.74243668
0.704	50.51581438
0.706	50.28868911
0.708	50.0610881
0.71	49.8330395
0.712	49.60457239
0.714	49.37571679
0.716	49.14650367
0.718	48.91696498
0.72	48.68713366
0.722	48.45704364
0.724	48.22672982
0.726	47.99622807
0.728	47.76557522
0.73	47.53480906
0.732	47.30396828
0.734	47.0730925
0.736	46.84222218
0.738	46.61139863
0.74	46.38066396
0.742	46.15006105
0.744	45.9196335
0.746	45.68942558
0.748	45.45948221
0.75	45.22984888
0.752	45.00057162
0.754	44.77169696
0.756	44.54327183
0.758	44.31534356
0.76	44.0879598
0.762	43.86116846
0.764	43.63501766
0.766	43.40955569
0.768	43.18483093
0.77	42.96089179
0.772	42.7377867
0.774	42.51556399
0.776	42.29427188
0.778	42.07395842
0.78	41.85467142
0.782	41.63645843
0.784	41.41936665
0.786	41.2034429
0.788	40.98873358
0.79	40.77528462
0.792	40.56314142
0.794	40.35234884
0.796	40.14295111
0.798	39.93499185
0.8	39.72851396
0.802	39.52355966
0.804	39.32017042
0.806	39.11838692
0.808	38.91824903
0.81	38.7197958
0.812	38.52306539
0.814	38.32809508
0.816	38.13492127
0.818	37.9435794
0.82	37.75410398
0.822	37.56652853
0.824	37.38088564
0.826	37.19720686
0.828	37.01552277
0.83	36.83586292
0.832	36.65825586
0.834	36.4827291
0.836	36.30930911
0.838	36.13802136
0.84	35.96889025
0.842	35.80193914
0.844	35.63719039
0.846	35.47466529
0.848	35.3143841
0.85	35.15636606
0.852	35.00062939
0.854	34.84719128
0.856	34.69606789
0.858	34.54727441
0.86	34.400825
0.862	34.25673284
0.864	34.11501013
0.866	33.97566808
0.868	33.83871698
0.87	33.70416612
0.872	33.57202387
0.874	33.44229768
0.876	33.31499407
0.878	33.19011866
0.88	33.06767616
0.882	32.94767043
0.884	32.83010444
0.886	32.71498031
0.888	32.60229933
0.89	32.49206194
0.892	32.3842678
0.894	32.27891573
0.896	32.1760038
0.898	32.07552928
0.9	31.9774887
0.902	31.88187783
0.904	31.78869173
0.906	31.69792473
0.908	31.60957046
0.91	31.52362186
0.912	31.4400712
0.914	31.35891009
0.916	31.2801295
0.918	31.20371976
0.92	31.1296706
0.922	31.05797111
0.924	30.98860983
0.926	30.92157471
0.928	30.85685314
0.93	30.79443196
0.932	30.73429747
0.934	30.67643547
0.936	30.62083123
0.938	30.56746955
0.94	30.51633473
0.942	30.46741061
0.944	30.4206806
0.946	30.37612764
0.948	30.33373425
0.95	30.29348254
0.952	30.25535423
0.954	30.21933063
0.956	30.1853927
0.958	30.15352102
0.96	30.12369581
0.962	30.09589697
0.964	30.07010408
0.966	30.04629638
0.968	30.02445283
0.97	30.00455208
0.972	29.98657252
0.974	29.97049226
0.976	29.95628915
0.978	29.94394081
0.98	29.93342462
0.982	29.92471772
0.984	29.91779706
0.986	29.91263937
0.988	29.9092212
0.99	29.90751892
0.992	29.90750871
0.994	29.90916661
0.996	29.9124685
0.998	29.9173901
1	29.92390703
1.002	29.93199476
1.004	29.94162865
1.006	29.95278398
1.008	29.96543589
1.01	29.97955946
1.012	29.9951297
1.014	30.01212151
1.016	30.03050977
1.018	30.05026928
1.02	30.07137479
1.022	30.09380103
1.024	30.11752269
1.026	30.14251443
1.028	30.1687509
1.03	30.19620673
1.032	30.22485657
1.034	30.25467504
1.036	30.28563681
1.038	30.31771654
1.04	30.35088893
1.042	30.38512869
1.044	30.42041059
1.046	30.45670944
1.048	30.49400008
1.05	30.53225742
1.052	30.57145643
1.054	30.61157215
1.056	30.65257968
1.058	30.6944542
1.06	30.73717098
1.062	30.78070538
1.064	30.82503282
1.066	30.87012887
1.068	30.91596916
1.07	30.96252945
1.072	31.0097856
1.074	31.05771359
1.076	31.10628952
1.078	31.15548962
1.08	31.20529024
1.082	31.25566787
1.084	31.30659913
1.086	31.3580608
1.088	31.41002979
1.09	31.46248315
1.092	31.51539811
1.094	31.56875204
1.096	31.62252247
1.098	31.67668709
1.1	31.73122377
1.102	31.78611054
1.104	31.84132561
1.106	31.89684737
1.108	31.95265437
1.11	32.00872538
1.112	32.06503931
1.114	32.12157531
1.116	32.17831268
1.118	32.23523093
1.12	32.29230978
1.122	32.34952913
1.124	32.40686909
1.126	32.46430999
1.128	32.52183235
1.13	32.5794169
1.132	32.6370446
1.134	32.69469661
1.136	32.75235431
1.138	32.80999931
1.14	32.86761342
1.142	32.92517871
1.144	32.98267743
1.146	33.04009209
1.148	33.09740542
1.15	33.15460038
1.152	33.21166018
1.154	33.26856824
1.156	33.32530822
1.158	33.38186403
1.16	33.43821983
1.162	33.49435999
1.164	33.55026914
1.166	33.60593215
1.168	33.66133415
1.17	33.7164605
1.172	33.77129681
1.174	33.82582893
1.176	33.88004298
1.178	33.93392532
1.18	33.98746256
1.182	34.04064156
1.184	34.09344944
1.186	34.14587356
1.188	34.19790154
1.19	34.24952128
1.192	34.30072089
1.194	34.35148876
1.196	34.40181354
1.198	34.45168412
1.2	34.50108966
1.202	34.55001957
1.204	34.59846352
1.206	34.64641141
1.208	34.69385345
1.21	34.74078004
1.212	34.78718189
1.214	34.83304993
1.216	34.87837537
1.218	34.92314964
1.22	34.96736447
1.222	35.01101179
1.224	35.05408382
1.226	35.09657302
1.228	35.13847209
1.23	35.179774
1.232	35.22047195
1.234	35.26055939
1.236	35.30003002
1.238	35.33887779
1.24	35.37709687
1.242	35.41468171
1.244	35.45162696
1.246	35.48792754
1.248	35.52357859
1.25	35.5585755
1.252	35.59291387
1.254	35.62658956
1.256	35.65959864
1.258	35.69193743
1.26	35.72360245
1.262	35.75459047
1.264	35.78489847
1.266	35.81452366
1.268	35.84346345
1.27	35.87171549
1.272	35.89927762
1.274	35.92614792
1.276	35.95232467
1.278	35.97780634
1.28	36.00259164
1.282	36.02667944
1.284	36.05006885
1.286	36.07275916
1.288	36.09474986
1.29	36.11604063
1.292	36.13663135
1.294	36.15652207
1.296	36.17571305
1.298	36.19420472
1.3	36.21199768
1.302	36.22909274
1.304	36.24549086
1.306	36.26119318
1.308	36.276201
1.31	36.29051582
1.312	36.30413927
1.314	36.31707317
1.316	36.32931947
1.318	36.34088031
1.32	36.35175796
1.322	36.36195486
1.324	36.37147359
1.326	36.38031688
1.328	36.38848761
1.33	36.39598879
1.332	36.40282357
1.334	36.40899526
1.336	36.41450727
1.338	36.41936317
1.34	36.42356665
1.342	36.42712152
1.344	36.43003172
1.346	36.43230131
1.348	36.43393448
1.35	36.43493553
1.352	36.43530886
1.354	36.435059
1.356	36.43419059
1.358	36.43270837
1.36	36.43061719
1.362	36.427922
1.364	36.42462785
1.366	36.42073989
1.368	36.41626337
1.37	36.41120363
1.372	36.4055661
1.374	36.39935631
1.376	36.39257985
1.378	36.38524243
1.38	36.37734982
1.382	36.36890788
1.384	36.35992255
1.386	36.35039984
1.388	36.34034584
1.39	36.32976672
1.392	36.31866871
1.394	36.3070581
1.396	36.29494128
1.398	36.28232466
1.4	36.26921476
1.402	36.25561813
1.404	36.24154139
1.406	36.22699121
1.408	36.21197434
1.41	36.19649754
1.412	36.18056767
1.414	36.16419161
1.416	36.14737629
1.418	36.13012871
1.42	36.11245589
1.422	36.09436491
1.424	36.07586288
1.426	36.05695695
1.428	36.03765432
1.43	36.01796222
1.432	35.99788791
1.434	35.97743869
1.436	35.9566219
1.438	35.93544488
1.44	35.91391504
1.442	35.89203979
1.444	35.86982656
1.446	35.84728282
1.448	35.82441606
1.45	35.80123379
1.452	35.77774353
1.454	35.75395283
1.456	35.72986924
1.458	35.70550034
1.46	35.68085371
1.462	35.65593696
1.464	35.63075769
1.466	35.60532351
1.468	35.57964205
1.47	35.55372094
1.472	35.5275678
1.474	35.50119026
1.476	35.47459596
1.478	35.44779254
1.48	35.42078761
1.482	35.3935888
1.484	35.36620375
1.486	35.33864004
1.488	35.3109053
1.49	35.28300711
1.492	35.25495305
1.494	35.2267507
1.496	35.19840761
1.498	35.16993131
1.5	35.14132933
1.502	35.11260917
1.504	35.08377831
1.506	35.05484422
1.508	35.02581431
1.51	34.99669602
1.512	34.96749672
1.514	34.93822376
1.516	34.90888449
1.518	34.87948618
1.52	34.85003612
1.522	34.82054153
1.524	34.79100961
1.526	34.76144751
1.528	34.73186237
1.53	34.70226126
1.532	34.67265122
1.534	34.64303927
1.536	34.61343235
1.538	34.58383739
1.54	34.55426124
1.542	34.52471072
1.544	34.49519262
1.546	34.46571364
1.548	34.43628046
1.55	34.4068997
1.552	34.37757791
1.554	34.34832162
1.556	34.31913726
1.558	34.29003123
1.56	34.26100987
1.562	34.23207946
1.564	34.2032462
1.566	34.17451625
1.568	34.14589569
1.57	34.11739054
1.572	34.08900677
1.574	34.06075026
1.576	34.03262684
1.578	34.00464225
1.58	33.97680217
1.582	33.94911222
1.584	33.92157793
1.586	33.89420477
1.588	33.86699812
1.59	33.83996331
1.592	33.81310556
1.594	33.78643004
1.596	33.75994182
1.598	33.73364592
1.6	33.70754726
1.602	33.68165067
1.604	33.65596092
1.606	33.63048269
1.608	33.60522057
1.61	33.58017908
1.612	33.55536263
1.614	33.53077558
1.616	33.50642218
1.618	33.48230659
1.62	33.4584329
1.622	33.43480511
1.624	33.41142712
1.626	33.38830274
1.628	33.36543571
1.63	33.34282967
1.632	33.32048816
1.634	33.29841463
1.636	33.27661247
1.638	33.25508493
1.64	33.23383522
1.642	33.21286641
1.644	33.1921815
1.646	33.17178341
1.648	33.15167495
1.65	33.13185883
1.652	33.1123377
1.654	33.09311407
1.656	33.0741904
1.658	33.05556903
1.66	33.03725221
1.662	33.01924212
1.664	33.0015408
1.666	32.98415025
1.668	32.96707234
1.67	32.95030885
1.672	32.93386149
1.674	32.91773185
1.676	32.90192144
1.678	32.88643168
1.68	32.87126389
1.682	32.8564193
1.684	32.84189905
1.686	32.82770419
1.688	32.81383567
1.69	32.80029437
1.692	32.78708105
1.694	32.7741964
1.696	32.76164101
1.698	32.74941539
1.7	32.73751996
1.702	32.72595504
1.704	32.71472087
1.706	32.70381762
1.708	32.69324534
1.71	32.68300401
1.712	32.67309353
1.714	32.66351371
1.716	32.65426428
1.718	32.64534488
1.72	32.63675506
1.722	32.62849431
1.724	32.62056203
1.726	32.61295752
1.728	32.60568002
1.73	32.59872869
1.732	32.59210261
1.734	32.58580078
1.736	32.57982212
1.738	32.57416549
1.74	32.56882965
1.742	32.56381331
1.744	32.55911509
1.746	32.55473356
1.748	32.55066718
1.75	32.54691438
1.752	32.5434735
1.754	32.54034282
1.756	32.53752055
1.758	32.53500483
1.76	32.53279373
1.762	32.53088527
1.764	32.5292774
1.766	32.52796801
1.768	32.52695493
1.77	32.52623592
1.772	32.52580869
1.774	32.52567089
1.776	32.52582012
1.778	32.52625391
1.78	32.52696975
1.782	32.52796506
1.784	32.52923723
1.786	32.53078358
1.788	32.5326014
1.79	32.53468789
1.792	32.53704026
1.794	32.53965563
1.796	32.54253109
1.798	32.54566368
1.8	32.5490504
1.802	32.55268822
1.804	32.55657406
1.806	32.56070478
1.808	32.56507724
1.81	32.56968823
1.812	32.57453452
1.814	32.57961285
1.816	32.58491991
1.818	32.59045236
1.82	32.59620686
1.822	32.60217998
1.824	32.60836833
1.826	32.61476843
1.828	32.62137681
1.83	32.62818996
1.832	32.63520436
1.834	32.64241646
1.836	32.64982267
1.838	32.6574194
1.84	32.66520304
1.842	32.67316995
1.844	32.68131649
1.846	32.68963897
1.848	32.69813372
1.85	32.70679705
1.852	32.71562523
1.854	32.72461455
1.856	32.73376127
1.858	32.74306165
1.86	32.75251193
1.862	32.76210837
1.864	32.77184718
1.866	32.7817246
1.868	32.79173685
1.87	32.80188016
1.872	32.81215073
1.874	32.82254479
1.876	32.83305855
1.878	32.84368823
1.88	32.85443005
1.882	32.86528023
1.884	32.87623499
1.886	32.88729057
1.888	32.89844319
1.89	32.9096891
1.892	32.92102455
1.894	32.9324458
1.896	32.94394911
1.898	32.95553076
1.9	32.96718704
1.902	32.97891425
1.904	32.9907087
1.906	33.00256672
1.908	33.01448466
1.91	33.02645886
1.912	33.0384857
1.914	33.05056158
1.916	33.06268289
1.918	33.07484608
1.92	33.08704757
1.922	33.09928385
1.924	33.1115514
1.926	33.12384673
1.928	33.13616636
1.93	33.14850687
1.932	33.16086482
1.934	33.17323681
1.936	33.18561949
1.938	33.1980095
1.94	33.21040352
1.942	33.22279826
1.944	33.23519047
1.946	33.2475769
1.948	33.25995434
1.95	33.27231963
1.952	33.28466962
1.954	33.29700119
1.956	33.30931125
1.958	33.32159676
1.96	33.33385469
1.962	33.34608206
1.964	33.35827591
1.966	33.37043333
1.968	33.38255142
1.97	33.39462735
1.972	33.40665828
1.974	33.41864145
1.976	33.43057411
1.978	33.44245355
1.98	33.45427709
1.982	33.46604211
1.984	33.47774602
1.986	33.48938624
1.988	33.50096027
1.99	33.51246561
1.992	33.52389984
1.994	33.53526054
1.996	33.54654534
1.998	33.55775194
2	33.56887803
2.002	33.57992138
2.004	33.59087978
2.006	33.60175107
2.008	33.61253312
2.01	33.62322386
2.012	33.63382124
2.014	33.64432327
2.016	33.65472798
2.018	33.66503346
2.02	33.67523783
2.022	33.68533927
2.024	33.69533598
2.026	33.70522621
2.028	33.71500826
2.03	33.72468046
2.032	33.73424118
2.034	33.74368886
2.036	33.75302196
2.038	33.76223896
2.04	33.77133844
2.042	33.78031897
2.044	33.78917918
2.046	33.79791775
2.048	33.8065334
2.05	33.81502489
2.052	33.82339101
2.054	33.83163061
2.056	33.83974258
2.058	33.84772584
2.06	33.85557936
2.062	33.86330215
2.064	33.87089326
2.066	33.8783518
2.068	33.88567689
2.07	33.89286771
2.072	33.89992347
2.074	33.90684345
2.076	33.91362693
2.078	33.92027326
2.08	33.92678182
2.082	33.93315203
2.084	33.93938335
2.086	33.94547528
2.088	33.95142736
2.09	33.95723918
2.092	33.96291035
2.094	33.96844052
2.096	33.9738294
2.098	33.97907673
2.1	33.98418226
2.102	33.98914583
2.104	33.99396726
2.106	33.99864646
2.108	34.00318334
2.11	34.00757787
2.112	34.01183003
2.114	34.01593987
2.116	34.01990745
2.118	34.02373288
2.12	34.02741628
2.122	34.03095785
2.124	34.03435778
2.126	34.03761632
2.128	34.04073375
2.13	34.04371037
2.132	34.04654653
2.134	34.0492426
2.136	34.05179899
2.138	34.05421614
2.14	34.05649453
2.142	34.05863465
2.144	34.06063704
2.146	34.06250227
2.148	34.06423092
2.15	34.06582363
2.152	34.06728104
2.154	34.06860384
2.156	34.06979273
2.158	34.07084847
2.16	34.0717718
2.162	34.07256353
2.164	34.07322448
2.166	34.07375549
2.168	34.07415744
2.17	34.07443122
2.172	34.07457775
2.174	34.074598
2.176	34.07449292
2.178	34.07426351
2.18	34.07391079
2.182	34.07343582
2.184	34.07283964
2.186	34.07212334
2.188	34.07128804
2.19	34.07033487
2.192	34.06926497
2.194	34.06807951
2.196	34.06677969
2.198	34.06536672
2.2	34.06384181
2.202	34.06220623
2.204	34.06046123
2.206	34.0586081
2.208	34.05664814
2.21	34.05458266
2.212	34.05241299
2.214	34.05014049
2.216	34.04776651
2.218	34.04529244
2.22	34.04271967
2.222	34.04004959
2.224	34.03728364
2.226	34.03442325
2.228	34.03146986
2.23	34.02842492
2.232	34.02528992
2.234	34.02206631
2.236	34.01875561
2.238	34.01535931
2.24	34.01187892
2.242	34.00831595
2.244	34.00467195
2.246	34.00094844
2.248	33.99714698
2.25	33.99326911
2.252	33.9893164
2.254	33.98529042
2.256	33.98119273
2.258	33.97702492
2.26	33.97278857
2.262	33.96848528
2.264	33.96411663
2.266	33.95968422
2.268	33.95518966
2.27	33.95063455
2.272	33.94602051
2.274	33.94134913
2.276	33.93662204
2.278	33.93184085
2.28	33.92700717
2.282	33.92212262
2.284	33.91718882
2.286	33.91220738
2.288	33.90717992
2.29	33.90210806
2.292	33.8969934
2.294	33.89183757
2.296	33.88664217
2.298	33.88140882
2.3	33.87613911
2.302	33.87083465
2.304	33.86549704
2.306	33.86012787
2.308	33.85472874
2.31	33.84930122
2.312	33.84384691
2.314	33.83836738
2.316	33.8328642
2.318	33.82733893
2.32	33.82179313
2.322	33.81622835
2.324	33.81064614
2.326	33.80504803
2.328	33.79943556
2.33	33.79381023
2.332	33.78817358
2.334	33.78252709
2.336	33.77687228
2.338	33.77121061
2.34	33.76554357
2.342	33.75987263
2.344	33.75419924
2.346	33.74852484
2.348	33.74285088
2.35	33.73717877
2.352	33.73150993
2.354	33.72584577
2.356	33.72018766
2.358	33.71453699
2.36	33.70889513
2.362	33.70326342
2.364	33.6976432
2.366	33.69203581
2.368	33.68644255
2.37	33.68086472
2.372	33.67530362
2.374	33.6697605
2.376	33.66423664
2.378	33.65873327
2.38	33.65325162
2.382	33.6477929
2.384	33.64235832
2.386	33.63694906
2.388	33.63156629
2.39	33.62621115
2.392	33.62088479
2.394	33.61558832
2.396	33.61032286
2.398	33.60508948
2.4	33.59988927
2.402	33.59472327
2.404	33.58959253
2.406	33.58449806
2.408	33.57944088
2.41	33.57442197
2.412	33.5694423
2.414	33.56450282
2.416	33.55960448
2.418	33.55474818
2.42	33.54993483
2.422	33.54516532
2.424	33.54044049
2.426	33.53576122
2.428	33.53112831
2.43	33.52654259
2.432	33.52200484
2.434	33.51751585
2.436	33.51307636
2.438	33.50868711
2.44	33.50434882
2.442	33.5000622
2.444	33.49582793
2.446	33.49164666
2.448	33.48751905
2.45	33.48344572
2.452	33.47942728
2.454	33.47546432
2.456	33.4715574
2.458	33.46770709
2.46	33.46391391
2.462	33.46017838
2.464	33.45650099
2.466	33.45288223
2.468	33.44932255
2.47	33.44582239
2.472	33.44238217
2.474	33.43900229
2.476	33.43568315
2.478	33.4324251
2.48	33.4292285
2.482	33.42609367
2.484	33.42302093
2.486	33.42001056
2.488	33.41706284
2.49	33.41417803
2.492	33.41135637
2.494	33.40859808
2.496	33.40590335
2.498	33.40327238
2.5	33.40070533
2.502	33.39820236
2.504	33.39576358
2.506	33.39338912
2.508	33.39107908
2.51	33.38883353
2.512	33.38665254
2.514	33.38453615
2.516	33.3824844
2.518	33.38049728
2.52	33.37857481
2.522	33.37671696
2.524	33.37492369
2.526	33.37319494
2.528	33.37153065
2.53	33.36993074
2.532	33.3683951
2.534	33.36692361
2.536	33.36551614
2.538	33.36417255
2.54	33.36289267
2.542	33.36167631
2.544	33.3605233
2.546	33.35943342
2.548	33.35840645
2.55	33.35744215
2.552	33.35654027
2.554	33.35570055
2.556	33.35492271
2.558	33.35420645
2.56	33.35355147
2.562	33.35295746
2.564	33.35242407
2.566	33.35195096
2.568	33.35153777
2.57	33.35118414
2.572	33.35088968
2.574	33.350654
2.576	33.35047669
2.578	33.35035732
2.58	33.35029548
2.582	33.35029071
2.584	33.35034256
2.586	33.35045058
2.588	33.35061429
2.59	33.35083319
2.592	33.3511068
2.594	33.35143461
2.596	33.35181611
2.598	33.35225076
2.6	33.35273804
2.602	33.3532774
2.604	33.35386828
2.606	33.35451013
2.608	33.35520238
2.61	33.35594444
2.612	33.35673573
2.614	33.35757565
2.616	33.35846361
2.618	33.35939898
2.62	33.36038116
2.622	33.36140951
2.624	33.36248341
2.626	33.36360221
2.628	33.36476528
2.63	33.36597196
2.632	33.36722159
2.634	33.36851351
2.636	33.36984705
2.638	33.37122155
2.64	33.3726363
2.642	33.37409065
2.644	33.37558389
2.646	33.37711533
2.648	33.37868427
2.65	33.38029002
2.652	33.38193187
2.654	33.3836091
2.656	33.38532101
2.658	33.38706688
2.66	33.38884599
2.662	33.39065762
2.664	33.39250104
2.666	33.39437553
2.668	33.39628036
2.67	33.39821479
2.672	33.40017811
2.674	33.40216956
2.676	33.40418842
2.678	33.40623395
2.68	33.40830541
2.682	33.41040206
2.684	33.41252316
2.686	33.41466798
2.688	33.41683577
2.69	33.4190258
2.692	33.42123733
2.694	33.42346961
2.696	33.42572191
2.698	33.42799348
2.7	33.43028361
2.702	33.43259154
2.704	33.43491654
2.706	33.43725789
2.708	33.43961484
2.71	33.44198668
2.712	33.44437267
2.714	33.44677209
2.716	33.44918421
2.718	33.45160832
2.72	33.4540437
2.722	33.45648963
2.724	33.4589454
2.726	33.4614103
2.728	33.46388363
2.73	33.46636469
2.732	33.46885278
2.734	33.4713472
2.736	33.47384726
2.738	33.47635228
2.74	33.47886158
2.742	33.48137447
2.744	33.48389028
2.746	33.48640836
2.748	33.48892802
2.75	33.49144862
2.752	33.4939695
2.754	33.49649
2.756	33.4990095
2.758	33.50152734
2.76	33.5040429
2.762	33.50655555
2.764	33.50906467
2.766	33.51156964
2.768	33.51406986
2.77	33.51656472
2.772	33.51905362
2.774	33.52153598
2.776	33.5240112
2.778	33.52647872
2.78	33.52893796
2.782	33.53138836
2.784	33.53382935
2.786	33.5362604
2.788	33.53868095
2.79	33.54109046
2.792	33.54348842
2.794	33.54587429
2.796	33.54824756
2.798	33.55060772
2.8	33.55295427
2.802	33.55528673
2.804	33.55760459
2.806	33.5599074
2.808	33.56219467
2.81	33.56446594
2.812	33.56672076
2.814	33.56895869
2.816	33.57117927
2.818	33.57338209
2.82	33.57556672
2.822	33.57773275
2.824	33.57987976
2.826	33.58200736
2.828	33.58411516
2.83	33.58620277
2.832	33.58826983
2.834	33.59031596
2.836	33.59234081
2.838	33.59434403
2.84	33.59632528
2.842	33.59828422
2.844	33.60022053
2.846	33.6021339
2.848	33.60402401
2.85	33.60589057
2.852	33.60773329
2.854	33.60955188
2.856	33.61134607
2.858	33.6131156
2.86	33.6148602
2.862	33.61657964
2.864	33.61827366
2.866	33.61994203
2.868	33.62158454
2.87	33.62320097
2.872	33.6247911
2.874	33.62635475
2.876	33.62789172
2.878	33.62940183
2.88	33.6308849
2.882	33.63234078
2.884	33.6337693
2.886	33.63517032
2.888	33.63654368
2.89	33.63788928
2.892	33.63920696
2.894	33.64049664
2.896	33.64175818
2.898	33.6429915
2.9	33.64419649
2.902	33.64537309
2.904	33.6465212
2.906	33.64764077
2.908	33.64873173
2.91	33.64979402
2.912	33.65082761
2.914	33.65183246
2.916	33.65280853
2.918	33.65375581
2.92	33.65467428
2.922	33.65556392
2.924	33.65642475
2.926	33.65725677
2.928	33.65806
2.93	33.65883444
2.932	33.65958015
2.934	33.66029714
2.936	33.66098547
2.938	33.66164519
2.94	33.66227634
2.942	33.66287901
2.944	33.66345324
2.946	33.66399913
2.948	33.66451676
2.95	33.66500622
2.952	33.6654676
2.954	33.665901
2.956	33.66630655
2.958	33.66668435
2.96	33.66703452
2.962	33.66735719
2.964	33.66765251
2.966	33.66792059
2.968	33.6681616
2.97	33.66837569
2.972	33.668563
2.974	33.66872371
2.976	33.66885798
2.978	33.66896598
2.98	33.6690479
2.982	33.66910392
2.984	33.66913422
2.986	33.669139
2.988	33.66911846
2.99	33.66907281
2.992	33.66900225
2.994	33.668907
2.996	33.66878727
2.998	33.66864329
3	33.66847528
3.002	33.66828348
3.004	33.66806812
3.006	33.66782944
3.008	33.66756769
3.01	33.6672831
3.012	33.66697594
3.014	33.66664647
3.016	33.66629492
3.018	33.66592158
3.02	33.66552671
3.022	33.66511057
3.024	33.66467344
3.026	33.66421559
3.028	33.66373731
3.03	33.66323887
3.032	33.66272057
3.034	33.66218268
3.036	33.6616255
3.038	33.66104932
3.04	33.66045443
3.042	33.65984115
3.044	33.65920975
3.046	33.65856056
3.048	33.65789387
3.05	33.65720998
3.052	33.65650922
3.054	33.65579188
3.056	33.65505828
3.058	33.65430874
3.06	33.65354357
3.062	33.65276308
3.064	33.6519676
3.066	33.65115745
3.068	33.65033295
3.07	33.64949441
3.072	33.64864216
3.074	33.64777654
3.076	33.64689785
3.078	33.64600643
3.08	33.6451026
3.082	33.6441867
3.084	33.64325904
3.086	33.64231996
3.088	33.64136978
3.09	33.64040884
3.092	33.63943746
3.094	33.63845597
3.096	33.6374647
3.098	33.63646398
3.1	33.63545414
3.102	33.6344355
3.104	33.63340839
3.106	33.63237314
3.108	33.63133009
3.11	33.63027954
3.112	33.62922184
3.114	33.6281573
3.116	33.62708625
3.118	33.62600901
3.12	33.62492591
3.122	33.62383727
3.124	33.6227434
3.126	33.62164462
3.128	33.62054127
3.13	33.61943364
3.132	33.61832206
3.134	33.61720683
3.136	33.61608828
3.138	33.61496671
3.14	33.61384243
3.142	33.61271575
3.144	33.61158697
3.146	33.6104564
3.148	33.60932434
3.15	33.60819108
3.152	33.60705693
3.154	33.60592218
3.156	33.60478713
3.158	33.60365206
3.16	33.60251727
3.162	33.60138303
3.164	33.60024964
3.166	33.59911738
3.168	33.59798652
3.17	33.59685735
3.172	33.59573013
3.174	33.59460514
3.176	33.59348265
3.178	33.59236292
3.18	33.59124621
3.182	33.59013279
3.184	33.58902291
3.186	33.58791684
3.188	33.58681481
3.19	33.58571708
3.192	33.58462389
3.194	33.58353549
3.196	33.58245211
3.198	33.581374
3.2	33.58030138
3.202	33.57923448
3.204	33.57817354
3.206	33.57711877
3.208	33.57607039
3.21	33.57502863
3.212	33.57399369
3.214	33.57296578
3.216	33.57194512
3.218	33.57093189
3.22	33.56992631
3.222	33.56892857
3.224	33.56793886
3.226	33.56695736
3.228	33.56598428
3.23	33.56501977
3.232	33.56406404
3.234	33.56311724
3.236	33.56217955
3.238	33.56125114
3.24	33.56033217
3.242	33.55942279
3.244	33.55852318
3.246	33.55763347
3.248	33.55675382
3.25	33.55588437
3.252	33.55502526
3.254	33.55417664
3.256	33.55333863
3.258	33.55251136
3.26	33.55169496
3.262	33.55088956
3.264	33.55009526
3.266	33.54931219
3.268	33.54854046
3.27	33.54778018
3.272	33.54703144
3.274	33.54629435
3.276	33.545569
3.278	33.54485549
3.28	33.54415391
3.282	33.54346433
3.284	33.54278685
3.286	33.54212153
3.288	33.54146846
3.29	33.54082769
3.292	33.54019931
3.294	33.53958337
3.296	33.53897992
3.298	33.53838903
3.3	33.53781075
3.302	33.53724512
3.304	33.5366922
3.306	33.53615201
3.308	33.5356246
3.31	33.53511
3.312	33.53460824
3.314	33.53411936
3.316	33.53364336
3.318	33.53318027
3.32	33.53273011
3.322	33.53229289
3.324	33.53186862
3.326	33.53145731
3.328	33.53105895
3.33	33.53067355
3.332	33.53030111
3.334	33.52994161
3.336	33.52959505
3.338	33.52926141
3.34	33.52894067
3.342	33.52863282
3.344	33.52833784
3.346	33.52805569
3.348	33.52778635
3.35	33.52752978
3.352	33.52728595
3.354	33.52705482
3.356	33.52683635
3.358	33.5266305
3.36	33.52643722
3.362	33.52625645
3.364	33.52608815
3.366	33.52593226
3.368	33.52578872
3.37	33.52565748
3.372	33.52553846
3.374	33.5254316
3.376	33.52533684
3.378	33.52525409
3.38	33.5251833
3.382	33.52512437
3.384	33.52507724
3.386	33.52504182
3.388	33.52501803
3.39	33.52500579
3.392	33.52500499
3.394	33.52501556
3.396	33.5250374
3.398	33.52507042
3.4	33.52511452
3.402	33.5251696
3.404	33.52523556
3.406	33.5253123
3.408	33.52539972
3.41	33.5254977
3.412	33.52560614
3.414	33.52572492
3.416	33.52585394
3.418	33.52599309
3.42	33.52614224
3.422	33.52630128
3.424	33.52647009
3.426	33.52664855
3.428	33.52683654
3.43	33.52703394
3.432	33.52724061
3.434	33.52745644
3.436	33.5276813
3.438	33.52791506
3.44	33.52815758
3.442	33.52840874
3.444	33.52866841
3.446	33.52893645
3.448	33.52921272
3.45	33.5294971
3.452	33.52978944
3.454	33.53008961
3.456	33.53039746
3.458	33.53071287
3.46	33.53103568
3.462	33.53136576
3.464	33.53170297
3.466	33.53204716
3.468	33.53239819
3.47	33.53275592
3.472	33.5331202
3.474	33.53349089
3.476	33.53386784
3.478	33.53425091
3.48	33.53463995
3.482	33.53503481
3.484	33.53543536
3.486	33.53584143
3.488	33.53625288
3.49	33.53666957
3.492	33.53709135
3.494	33.53751806
3.496	33.53794957
3.498	33.53838572
3.5	33.53882637
3.502	33.53927136
3.504	33.53972055
3.506	33.5401738
3.508	33.54063094
3.51	33.54109185
3.512	33.54155636
3.514	33.54202433
3.516	33.54249562
3.518	33.54297008
3.52	33.54344756
3.522	33.54392791
3.524	33.544411
3.526	33.54489667
3.528	33.54538478
3.53	33.54587519
3.532	33.54636776
3.534	33.54686233
3.536	33.54735878
3.538	33.54785695
3.54	33.54835671
3.542	33.54885791
3.544	33.54936042
3.546	33.5498641
3.548	33.55036882
3.55	33.55087442
3.552	33.55138078
3.554	33.55188777
3.556	33.55239524
3.558	33.55290306
3.56	33.55341111
3.562	33.55391925
3.564	33.55442735
3.566	33.55493528
3.568	33.55544291
3.57	33.55595012
3.572	33.55645677
3.574	33.55696275
3.576	33.55746793
3.578	33.55797218
3.58	33.55847539
3.582	33.55897744
3.584	33.5594782
3.586	33.55997757
3.588	33.56047541
3.59	33.56097162
3.592	33.56146609
3.594	33.56195869
3.596	33.56244933
3.598	33.56293789
3.6	33.56342425
3.602	33.56390833
3.604	33.56439
3.606	33.56486917
3.608	33.56534573
3.61	33.56581958
3.612	33.56629063
3.614	33.56675877
3.616	33.56722391
3.618	33.56768595
3.62	33.5681448
3.622	33.56860036
3.624	33.56905256
3.626	33.56950129
3.628	33.56994647
3.63	33.57038802
3.632	33.57082585
3.634	33.57125987
3.636	33.57169002
3.638	33.5721162
3.64	33.57253835
3.642	33.57295638
3.644	33.57337022
3.646	33.5737798
3.648	33.57418505
3.65	33.5745859
3.652	33.57498228
3.654	33.57537412
3.656	33.57576136
3.658	33.57614394
3.66	33.5765218
3.662	33.57689488
3.664	33.57726312
3.666	33.57762646
3.668	33.57798486
3.67	33.57833825
3.672	33.57868659
3.674	33.57902983
3.676	33.57936792
3.678	33.57970081
3.68	33.58002847
3.682	33.58035084
3.684	33.5806679
3.686	33.58097959
3.688	33.58128589
3.69	33.58158675
3.692	33.58188215
3.694	33.58217204
3.696	33.58245641
3.698	33.58273522
3.7	33.58300844
3.702	33.58327605
3.704	33.58353803
3.706	33.58379434
3.708	33.58404498
3.71	33.58428992
3.712	33.58452914
3.714	33.58476263
3.716	33.58499038
3.718	33.58521236
3.72	33.58542858
3.722	33.58563901
3.724	33.58584366
3.726	33.58604251
3.728	33.58623556
3.73	33.58642281
3.732	33.58660426
3.734	33.5867799
3.736	33.58694973
3.738	33.58711376
3.74	33.58727199
3.742	33.58742443
3.744	33.58757108
3.746	33.58771196
3.748	33.58784706
3.75	33.58797641
3.752	33.58810001
3.754	33.58821788
3.756	33.58833003
3.758	33.58843649
3.76	33.58853726
3.762	33.58863237
3.764	33.58872183
3.766	33.58880567
3.768	33.58888392
3.77	33.58895659
3.772	33.58902371
3.774	33.58908531
3.776	33.58914141
3.778	33.58919205
3.78	33.58923725
3.782	33.58927705
3.784	33.58931147
3.786	33.58934056
3.788	33.58936435
3.79	33.58938286
3.792	33.58939615
3.794	33.58940424
3.796	33.58940717
3.798	33.589405
3.8	33.58939774
3.802	33.58938546
3.804	33.58936818
3.806	33.58934596
3.808	33.58931884
3.81	33.58928686
3.812	33.58925008
3.814	33.58920853
3.816	33.58916227
3.818	33.58911134
3.82	33.58905579
3.822	33.58899568
3.824	33.58893106
3.826	33.58886198
3.828	33.58878848
3.83	33.58871063
3.832	33.58862848
3.834	33.58854209
3.836	33.5884515
3.838	33.58835677
3.84	33.58825797
3.842	33.58815515
3.844	33.58804836
3.846	33.58793767
3.848	33.58782313
3.85	33.58770481
3.852	33.58758276
3.854	33.58745704
3.856	33.58732772
3.858	33.58719485
3.86	33.5870585
3.862	33.58691874
3.864	33.58677561
3.866	33.58662919
3.868	33.58647954
3.87	33.58632672
3.872	33.58617079
3.874	33.58601183
3.876	33.58584989
3.878	33.58568504
3.88	33.58551734
3.882	33.58534687
3.884	33.58517368
3.886	33.58499783
3.888	33.58481941
3.89	33.58463846
3.892	33.58445507
3.894	33.58426928
3.896	33.58408118
3.898	33.58389082
3.9	33.58369828
3.902	33.58350361
3.904	33.58330689
3.906	33.58310818
3.908	33.58290755
3.91	33.58270506
3.912	33.58250078
3.914	33.58229477
3.916	33.58208711
3.918	33.58187785
3.92	33.58166707
3.922	33.58145483
3.924	33.5812412
3.926	33.58102623
3.928	33.58081
3.93	33.58059257
3.932	33.58037401
3.934	33.58015437
3.936	33.57993373
3.938	33.57971215
3.94	33.5794897
3.942	33.57926642
3.944	33.5790424
3.946	33.57881769
3.948	33.57859236
3.95	33.57836646
3.952	33.57814006
3.954	33.57791323
3.956	33.57768601
3.958	33.57745848
3.96	33.57723069
3.962	33.57700271
3.964	33.57677459
3.966	33.57654639
3.968	33.57631818
3.97	33.57609
3.972	33.57586192
3.974	33.57563399
3.976	33.57540628
3.978	33.57517884
3.98	33.57495172
3.982	33.57472497
3.984	33.57449867
3.986	33.57427285
3.988	33.57404757
3.99	33.57382288
3.992	33.57359885
3.994	33.57337551
3.996	33.57315293
3.998	33.57293114
4	33.57271021
4.002	33.57249018
4.004	33.5722711
4.006	33.57205302
4.008	33.57183599
4.01	33.57162005
4.012	33.57140525
4.014	33.57119163
4.016	33.57097925
4.018	33.57076814
4.02	33.57055835
4.022	33.57034993
4.024	33.5701429
4.026	33.56993733
4.028	33.56973324
4.03	33.56953068
4.032	33.56932968
4.034	33.56913029
4.036	33.56893255
4.038	33.56873648
4.04	33.56854214
4.042	33.56834955
4.044	33.56815875
4.046	33.56796977
4.048	33.56778265
4.05	33.56759742
4.052	33.56741412
4.054	33.56723277
4.056	33.5670534
4.058	33.56687605
4.06	33.56670075
4.062	33.56652752
4.064	33.56635639
4.066	33.56618739
4.068	33.56602054
4.07	33.56585587
4.072	33.56569341
4.074	33.56553318
4.076	33.5653752
4.078	33.56521949
4.08	33.56506609
4.082	33.56491499
4.084	33.56476624
4.086	33.56461984
4.088	33.56447582
4.09	33.5643342
4.092	33.56419498
4.094	33.56405819
4.096	33.56392385
4.098	33.56379196
4.1	33.56366255
4.102	33.56353562
4.104	33.5634112
4.106	33.56328928
4.108	33.56316988
4.11	33.56305302
4.112	33.5629387
4.114	33.56282693
4.116	33.56271773
4.118	33.56261109
4.12	33.56250702
4.122	33.56240553
4.124	33.56230664
4.126	33.56221033
4.128	33.56211662
4.13	33.5620255
4.132	33.56193699
4.134	33.56185108
4.136	33.56176778
4.138	33.56168708
4.14	33.56160898
4.142	33.5615335
4.144	33.56146061
4.146	33.56139033
4.148	33.56132264
4.15	33.56125756
4.152	33.56119506
4.154	33.56113515
4.156	33.56107783
4.158	33.56102308
4.16	33.5609709
4.162	33.56092128
4.164	33.56087422
4.166	33.5608297
4.168	33.56078773
4.17	33.56074828
4.172	33.56071136
4.174	33.56067694
4.176	33.56064502
4.178	33.56061559
4.18	33.56058863
4.182	33.56056413
4.184	33.56054208
4.186	33.56052247
4.188	33.56050528
4.19	33.56049049
4.192	33.56047809
4.194	33.56046807
4.196	33.56046041
4.198	33.56045508
4.2	33.56045209
4.202	33.5604514
4.204	33.560453
4.206	33.56045687
4.208	33.56046299
4.21	33.56047135
4.212	33.56048192
4.214	33.56049468
4.216	33.56050961
4.218	33.5605267
4.22	33.56054591
4.222	33.56056723
4.224	33.56059064
4.226	33.56061611
4.228	33.56064363
4.23	33.56067316
4.232	33.56070468
4.234	33.56073818
4.236	33.56077362
4.238	33.56081098
4.24	33.56085024
4.242	33.56089138
4.244	33.56093436
4.246	33.56097916
4.248	33.56102575
4.25	33.56107412
4.252	33.56112423
4.254	33.56117605
4.256	33.56122957
4.258	33.56128475
4.26	33.56134156
4.262	33.56139999
4.264	33.56145999
4.266	33.56152155
4.268	33.56158463
4.27	33.56164921
4.272	33.56171525
4.274	33.56178274
4.276	33.56185164
4.278	33.56192192
4.28	33.56199356
4.282	33.56206652
4.284	33.56214077
4.286	33.56221629
4.288	33.56229305
4.29	33.56237102
4.292	33.56245017
4.294	33.56253046
4.296	33.56261188
4.298	33.56269439
4.3	33.56277795
4.302	33.56286255
4.304	33.56294814
4.306	33.56303471
4.308	33.56312222
4.31	33.56321064
4.312	33.56329995
4.314	33.5633901
4.316	33.56348108
4.318	33.56357285
4.32	33.56366538
4.322	33.56375865
4.324	33.56385262
4.326	33.56394726
4.328	33.56404255
4.33	33.56413846
4.332	33.56423495
4.334	33.56433199
4.336	33.56442957
4.338	33.56452764
4.34	33.56462619
4.342	33.56472517
4.344	33.56482457
4.346	33.56492434
4.348	33.56502448
4.35	33.56512494
4.352	33.5652257
4.354	33.56532673
4.356	33.565428
4.358	33.56552948
4.36	33.56563115
4.362	33.56573299
4.364	33.56583495
4.366	33.56593702
4.368	33.56603917
4.37	33.56614137
4.372	33.56624359
4.374	33.56634581
4.376	33.56644801
4.378	33.56655015
4.38	33.56665222
4.382	33.56675418
4.384	33.56685601
4.386	33.56695768
4.388	33.56705918
4.39	33.56716047
4.392	33.56726154
4.394	33.56736235
4.396	33.56746289
4.398	33.56756313
4.4	33.56766304
4.402	33.56776262
4.404	33.56786182
4.406	33.56796063
4.408	33.56805903
4.41	33.568157
4.412	33.56825451
4.414	33.56835154
4.416	33.56844808
4.418	33.56854409
4.42	33.56863957
4.422	33.56873448
4.424	33.56882882
4.426	33.56892256
4.428	33.56901568
4.43	33.56910816
4.432	33.56919999
4.434	33.56929114
4.436	33.56938161
4.438	33.56947136
4.44	33.56956039
4.442	33.56964867
4.444	33.56973619
4.446	33.56982293
4.448	33.56990889
4.45	33.56999403
4.452	33.57007835
4.454	33.57016183
4.456	33.57024446
4.458	33.57032622
4.46	33.5704071
4.462	33.57048708
4.464	33.57056616
4.466	33.57064431
4.468	33.57072153
4.47	33.5707978
4.472	33.57087311
4.474	33.57094745
4.476	33.57102081
4.478	33.57109317
4.48	33.57116453
4.482	33.57123488
4.484	33.5713042
4.486	33.5713725
4.488	33.57143974
4.49	33.57150594
4.492	33.57157107
4.494	33.57163514
4.496	33.57169813
4.498	33.57176004
4.5	33.57182085
4.502	33.57188057
4.504	33.57193918
4.506	33.57199668
4.508	33.57205306
4.51	33.57210833
4.512	33.57216246
4.514	33.57221546
4.516	33.57226732
4.518	33.57231804
4.52	33.57236761
4.522	33.57241604
4.524	33.57246331
4.526	33.57250943
4.528	33.57255439
4.53	33.57259819
4.532	33.57264082
4.534	33.57268229
4.536	33.5727226
4.538	33.57276174
4.54	33.57279971
4.542	33.57283651
4.544	33.57287214
4.546	33.57290661
4.548	33.5729399
4.55	33.57297203
4.552	33.573003
4.554	33.5730328
4.556	33.57306143
4.558	33.57308891
4.56	33.57311522
4.562	33.57314038
4.564	33.57316438
4.566	33.57318723
4.568	33.57320894
4.57	33.5732295
4.572	33.57324891
4.574	33.57326719
4.576	33.57328434
4.578	33.57330036
4.58	33.57331526
4.582	33.57332904
4.584	33.57334171
4.586	33.57335326
4.588	33.57336372
4.59	33.57337308
4.592	33.57338135
4.594	33.57338854
4.596	33.57339466
4.598	33.5733997
4.6	33.57340368
4.602	33.57340661
4.604	33.57340848
4.606	33.57340932
4.608	33.57340913
4.61	33.57340791
4.612	33.57340568
4.614	33.57340244
4.616	33.57339821
4.618	33.57339298
4.62	33.57338678
4.622	33.57337961
4.624	33.57337147
4.626	33.57336238
4.628	33.57335235
4.63	33.57334139
4.632	33.57332951
4.634	33.57331672
4.636	33.57330302
4.638	33.57328844
4.64	33.57327297
4.642	33.57325664
4.644	33.57323945
4.646	33.57322141
4.648	33.57320254
4.65	33.57318284
4.652	33.57316234
4.654	33.57314103
4.656	33.57311893
4.658	33.57309605
4.66	33.57307241
4.662	33.57304801
4.664	33.57302288
4.666	33.57299701
4.668	33.57297043
4.67	33.57294315
4.672	33.57291517
4.674	33.57288651
4.676	33.57285719
4.678	33.57282721
4.68	33.5727966
4.682	33.57276535
4.684	33.57273349
4.686	33.57270103
4.688	33.57266797
4.69	33.57263434
4.692	33.57260015
4.694	33.57256541
4.696	33.57253013
4.698	33.57249433
4.7	33.57245802
4.702	33.5724212
4.704	33.57238391
4.706	33.57234615
4.708	33.57230792
4.71	33.57226926
4.712	33.57223016
4.714	33.57219065
4.716	33.57215073
4.718	33.57211043
4.72	33.57206974
4.722	33.57202869
4.724	33.57198729
4.726	33.57194556
4.728	33.5719035
4.73	33.57186112
4.732	33.57181846
4.734	33.5717755
4.736	33.57173228
4.738	33.5716888
4.74	33.57164507
4.742	33.57160111
4.744	33.57155694
4.746	33.57151255
4.748	33.57146798
4.75	33.57142322
4.752	33.5713783
4.754	33.57133322
4.756	33.571288
4.758	33.57124265
4.76	33.57119719
4.762	33.57115162
4.764	33.57110596
4.766	33.57106022
4.768	33.57101442
4.77	33.57096855
4.772	33.57092265
4.774	33.57087672
4.776	33.57083076
4.778	33.5707848
4.78	33.57073885
4.782	33.57069291
4.784	33.570647
4.786	33.57060113
4.788	33.5705553
4.79	33.57050955
4.792	33.57046386
4.794	33.57041826
4.796	33.57037276
4.798	33.57032736
4.8	33.57028208
4.802	33.57023692
4.804	33.5701919
4.806	33.57014704
4.808	33.57010233
4.81	33.57005779
4.812	33.57001343
4.814	33.56996925
4.816	33.56992528
4.818	33.56988151
4.82	33.56983796
4.822	33.56979464
4.824	33.56975155
4.826	33.56970871
4.828	33.56966613
4.83	33.5696238
4.832	33.56958175
4.834	33.56953998
4.836	33.5694985
4.838	33.56945731
4.84	33.56941643
4.842	33.56937587
4.844	33.56933562
4.846	33.5692957
4.848	33.56925612
4.85	33.56921689
4.852	33.569178
4.854	33.56913947
4.856	33.56910131
4.858	33.56906352
4.86	33.56902611
4.862	33.56898908
4.864	33.56895245
4.866	33.56891621
4.868	33.56888038
4.87	33.56884495
4.872	33.56880995
4.874	33.56877536
4.876	33.5687412
4.878	33.56870747
4.88	33.56867418
4.882	33.56864133
4.884	33.56860893
4.886	33.56857699
4.888	33.56854549
4.89	33.56851446
4.892	33.5684839
4.894	33.5684538
4.896	33.56842418
4.898	33.56839503
4.9	33.56836636
4.902	33.56833818
4.904	33.56831049
4.906	33.56828329
4.908	33.56825658
4.91	33.56823036
4.912	33.56820465
4.914	33.56817944
4.916	33.56815473
4.918	33.56813053
4.92	33.56810684
4.922	33.56808366
4.924	33.56806099
4.926	33.56803884
4.928	33.5680172
4.93	33.56799609
4.932	33.56797549
4.934	33.56795541
4.936	33.56793585
4.938	33.56791681
4.94	33.5678983
4.942	33.56788031
4.944	33.56786284
4.946	33.56784589
4.948	33.56782948
4.95	33.56781358
4.952	33.56779821
4.954	33.56778336
4.956	33.56776904
4.958	33.56775524
4.96	33.56774196
4.962	33.5677292
4.964	33.56771697
4.966	33.56770525
4.968	33.56769405
4.97	33.56768337
4.972	33.56767321
4.974	33.56766356
4.976	33.56765442
4.978	33.5676458
4.98	33.56763768
4.982	33.56763007
4.984	33.56762297
4.986	33.56761637
4.988	33.56761027
4.99	33.56760466
4.992	33.56759956
4.994	33.56759495
4.996	33.56759082
4.998	33.56758719
5	33.56758404
5.002	33.56758137
5.004	33.56757918
5.006	33.56757747
5.008	33.56757623
5.01	33.56757546
5.012	33.56757515
5.014	33.5675753
5.016	33.56757591
5.018	33.56757698
5.02	33.56757849
5.022	33.56758045
5.024	33.56758286
5.026	33.5675857
5.028	33.56758898
5.03	33.56759268
5.032	33.56759681
5.034	33.56760136
5.036	33.56760633
5.038	33.56761171
5.04	33.5676175
5.042	33.56762368
5.044	33.56763027
5.046	33.56763725
5.048	33.56764462
5.05	33.56765237
5.052	33.5676605
5.054	33.567669
5.056	33.56767786
5.058	33.5676871
5.06	33.56769668
5.062	33.56770663
5.064	33.56771691
5.066	33.56772754
5.068	33.56773851
5.07	33.5677498
5.072	33.56776142
5.074	33.56777336
5.076	33.56778561
5.078	33.56779818
5.08	33.56781104
5.082	33.5678242
5.084	33.56783765
5.086	33.56785139
5.088	33.56786541
5.09	33.5678797
5.092	33.56789426
5.094	33.56790908
5.096	33.56792416
5.098	33.56793949
5.1	33.56795506
5.102	33.56797087
5.104	33.56798692
5.106	33.56800319
5.108	33.56801968
5.11	33.56803639
5.112	33.5680533
5.114	33.56807042
5.116	33.56808774
5.118	33.56810525
5.12	33.56812294
5.122	33.56814081
5.124	33.56815885
5.126	33.56817706
5.128	33.56819543
5.13	33.56821396
5.132	33.56823264
5.134	33.56825146
5.136	33.56827041
5.138	33.5682895
5.14	33.56830871
5.142	33.56832804
5.144	33.56834749
5.146	33.56836704
5.148	33.5683867
5.15	33.56840645
5.152	33.56842629
5.154	33.56844622
5.156	33.56846622
5.158	33.5684863
5.16	33.56850644
5.162	33.56852665
5.164	33.56854691
5.166	33.56856722
5.168	33.56858758
5.17	33.56860797
5.172	33.5686284
5.174	33.56864886
5.176	33.56866934
5.178	33.56868984
5.18	33.56871035
5.182	33.56873086
5.184	33.56875138
5.186	33.56877189
5.188	33.56879239
5.19	33.56881288
5.192	33.56883335
5.194	33.56885379
5.196	33.56887421
5.198	33.56889459
5.2	33.56891493
5.202	33.56893522
5.204	33.56895547
5.206	33.56897566
5.208	33.56899579
5.21	33.56901586
5.212	33.56903587
5.214	33.56905579
5.216	33.56907564
5.218	33.56909541
5.22	33.5691151
5.222	33.56913469
5.224	33.56915419
5.226	33.56917358
5.228	33.56919288
5.23	33.56921207
5.232	33.56923114
5.234	33.5692501
5.236	33.56926894
5.238	33.56928766
5.24	33.56930625
5.242	33.56932471
5.244	33.56934304
5.246	33.56936122
5.248	33.56937927
5.25	33.56939717
5.252	33.56941492
5.254	33.56943252
5.256	33.56944996
5.258	33.56946724
5.26	33.56948437
5.262	33.56950132
5.264	33.56951811
5.266	33.56953473
5.268	33.56955118
5.27	33.56956745
5.272	33.56958354
5.274	33.56959944
5.276	33.56961516
5.278	33.5696307
5.28	33.56964604
5.282	33.5696612
5.284	33.56967615
5.286	33.56969091
5.288	33.56970548
5.29	33.56971984
5.292	33.56973399
5.294	33.56974794
5.296	33.56976169
5.298	33.56977522
5.3	33.56978855
5.302	33.56980166
5.304	33.56981455
5.306	33.56982723
5.308	33.56983969
5.31	33.56985194
5.312	33.56986396
5.314	33.56987576
5.316	33.56988734
5.318	33.56989869
5.32	33.56990981
5.322	33.56992071
5.324	33.56993139
5.326	33.56994183
5.328	33.56995204
5.33	33.56996203
5.332	33.56997178
5.334	33.5699813
5.336	33.56999059
5.338	33.56999965
5.34	33.57000847
5.342	33.57001706
5.344	33.57002541
5.346	33.57003353
5.348	33.57004142
5.35	33.57004907
5.352	33.57005648
5.354	33.57006366
5.356	33.57007061
5.358	33.57007732
5.36	33.57008379
5.362	33.57009003
5.364	33.57009604
5.366	33.57010181
5.368	33.57010735
5.37	33.57011265
5.372	33.57011772
5.374	33.57012256
5.376	33.57012717
5.378	33.57013155
5.38	33.57013569
5.382	33.57013961
5.384	33.57014329
5.386	33.57014675
5.388	33.57014998
5.39	33.57015299
5.392	33.57015577
5.394	33.57015832
5.396	33.57016066
5.398	33.57016277
5.4	33.57016466
5.402	33.57016633
5.404	33.57016778
5.406	33.57016901
5.408	33.57017003
5.41	33.57017084
5.412	33.57017143
5.414	33.57017181
5.416	33.57017198
5.418	33.57017195
5.42	33.57017171
5.422	33.57017126
5.424	33.57017061
5.426	33.57016976
5.428	33.57016871
5.43	33.57016746
5.432	33.57016601
5.434	33.57016438
5.436	33.57016255
5.438	33.57016053
5.44	33.57015832
5.442	33.57015592
5.444	33.57015335
5.446	33.57015059
5.448	33.57014765
5.45	33.57014453
5.452	33.57014124
5.454	33.57013777
5.456	33.57013414
5.458	33.57013033
5.46	33.57012636
5.462	33.57012222
5.464	33.57011793
5.466	33.57011347
5.468	33.57010886
5.47	33.57010409
5.472	33.57009917
5.474	33.5700941
5.476	33.57008888
5.478	33.57008352
5.48	33.57007801
5.482	33.57007237
5.484	33.57006658
5.486	33.57006067
5.488	33.57005462
5.49	33.57004844
5.492	33.57004213
5.494	33.5700357
5.496	33.57002915
5.498	33.57002248
5.5	33.57001569
5.502	33.57000879
5.504	33.57000177
5.506	33.56999465
5.508	33.56998742
5.51	33.56998009
5.512	33.56997266
5.514	33.56996513
5.516	33.5699575
5.518	33.56994979
5.52	33.56994198
5.522	33.56993408
5.524	33.5699261
5.526	33.56991804
5.528	33.5699099
5.53	33.56990168
5.532	33.56989338
5.534	33.56988502
5.536	33.56987659
5.538	33.56986809
5.54	33.56985953
5.542	33.56985091
5.544	33.56984223
5.546	33.56983349
5.548	33.56982471
5.55	33.56981587
5.552	33.56980698
5.554	33.56979805
5.556	33.56978908
5.558	33.56978007
5.56	33.56977102
5.562	33.56976194
5.564	33.56975283
5.566	33.56974368
5.568	33.56973451
5.57	33.56972532
5.572	33.5697161
5.574	33.56970687
5.576	33.56969762
5.578	33.56968835
5.58	33.56967908
5.582	33.56966979
5.584	33.5696605
5.586	33.5696512
5.588	33.5696419
5.59	33.5696326
5.592	33.5696233
5.594	33.56961401
5.596	33.56960473
5.598	33.56959545
5.6	33.56958619
5.602	33.56957694
5.604	33.56956771
5.606	33.5695585
5.608	33.56954931
5.61	33.56954014
5.612	33.56953099
5.614	33.56952187
5.616	33.56951279
5.618	33.56950373
5.62	33.56949471
5.622	33.56948572
5.624	33.56947677
5.626	33.56946786
5.628	33.56945899
5.63	33.56945016
5.632	33.56944138
5.634	33.56943265
5.636	33.56942396
5.638	33.56941533
5.64	33.56940674
5.642	33.56939822
5.644	33.56938974
5.646	33.56938133
5.648	33.56937298
5.65	33.56936468
5.652	33.56935645
5.654	33.56934828
5.656	33.56934018
5.658	33.56933215
5.66	33.56932418
5.662	33.56931629
5.664	33.56930846
5.666	33.56930071
5.668	33.56929304
5.67	33.56928544
5.672	33.56927791
5.674	33.56927047
5.676	33.56926311
5.678	33.56925582
5.68	33.56924862
5.682	33.5692415
5.684	33.56923447
5.686	33.56922752
5.688	33.56922066
5.69	33.56921388
5.692	33.5692072
5.694	33.5692006
5.696	33.5691941
5.698	33.56918769
5.7	33.56918137
5.702	33.56917514
5.704	33.56916901
5.706	33.56916297
5.708	33.56915703
5.71	33.56915118
5.712	33.56914543
5.714	33.56913978
5.716	33.56913423
5.718	33.56912878
5.72	33.56912342
5.722	33.56911817
5.724	33.56911302
5.726	33.56910797
5.728	33.56910302
5.73	33.56909817
5.732	33.56909343
5.734	33.56908879
5.736	33.56908425
5.738	33.56907982
5.74	33.56907549
5.742	33.56907126
5.744	33.56906714
5.746	33.56906313
5.748	33.56905922
5.75	33.56905541
5.752	33.56905171
5.754	33.56904812
5.756	33.56904463
5.758	33.56904124
5.76	33.56903797
5.762	33.56903479
5.764	33.56903172
5.766	33.56902876
5.768	33.5690259
5.77	33.56902315
5.772	33.56902051
5.774	33.56901796
5.776	33.56901553
5.778	33.56901319
5.78	33.56901096
5.782	33.56900884
5.784	33.56900682
5.786	33.5690049
5.788	33.56900308
5.79	33.56900137
5.792	33.56899976
5.794	33.56899825
5.796	33.56899684
5.798	33.56899554
5.8	33.56899433
5.802	33.56899322
5.804	33.56899222
5.806	33.56899131
5.808	33.5689905
5.81	33.56898979
5.812	33.56898917
5.814	33.56898865
5.816	33.56898823
5.818	33.5689879
5.82	33.56898767
5.822	33.56898753
5.824	33.56898748
5.826	33.56898753
5.828	33.56898767
5.83	33.56898789
5.832	33.56898821
5.834	33.56898862
5.836	33.56898912
5.838	33.5689897
5.84	33.56899037
5.842	33.56899112
5.844	33.56899196
5.846	33.56899289
5.848	33.5689939
5.85	33.56899499
5.852	33.56899616
5.854	33.56899741
5.856	33.56899874
5.858	33.56900015
5.86	33.56900163
5.862	33.5690032
5.864	33.56900483
5.866	33.56900655
5.868	33.56900833
5.87	33.56901019
5.872	33.56901212
5.874	33.56901412
5.876	33.56901618
5.878	33.56901832
5.88	33.56902052
5.882	33.56902279
5.884	33.56902512
5.886	33.56902752
5.888	33.56902997
5.89	33.56903249
5.892	33.56903507
5.894	33.56903771
5.896	33.56904041
5.898	33.56904316
5.9	33.56904597
5.902	33.56904883
5.904	33.56905174
5.906	33.56905471
5.908	33.56905773
5.91	33.5690608
5.912	33.56906391
5.914	33.56906707
5.916	33.56907028
5.918	33.56907354
5.92	33.56907683
5.922	33.56908017
5.924	33.56908355
5.926	33.56908697
5.928	33.56909043
5.93	33.56909393
5.932	33.56909746
5.934	33.56910103
5.936	33.56910463
5.938	33.56910827
5.94	33.56911193
5.942	33.56911563
5.944	33.56911936
5.946	33.56912311
5.948	33.56912689
5.95	33.5691307
5.952	33.56913453
5.954	33.56913838
5.956	33.56914226
5.958	33.56914615
5.96	33.56915007
5.962	33.569154
5.964	33.56915795
5.966	33.56916192
5.968	33.5691659
5.97	33.5691699
5.972	33.56917391
5.974	33.56917793
5.976	33.56918196
5.978	33.569186
5.98	33.56919005
5.982	33.5691941
5.984	33.56919817
5.986	33.56920223
5.988	33.5692063
5.99	33.56921037
5.992	33.56921445
5.994	33.56921852
5.996	33.5692226
5.998	33.56922667
6	33.56923074
6.002	33.56923481
6.002	33.56923481
